                             astable multivibrator
                             Transient Analysis  Sat Feb  5 01:06:49  2022
--------------------------------------------------------------------------------
Index   time            v(2)            v(5)            
--------------------------------------------------------------------------------
0	0.000000e+00	1.062315e-03	5.050424e-03	
1	1.000000e-07	1.062315e-03	5.050424e-03	
2	2.000000e-07	1.062315e-03	5.050424e-03	
3	4.000000e-07	1.062315e-03	5.050424e-03	
4	8.000000e-07	1.062315e-03	5.050424e-03	
5	1.600000e-06	1.062315e-03	5.050424e-03	
6	3.200000e-06	1.062315e-03	5.050424e-03	
7	6.400000e-06	1.062315e-03	5.050424e-03	
8	1.280000e-05	1.062315e-03	5.050424e-03	
9	2.280000e-05	1.062315e-03	5.050424e-03	
10	3.280000e-05	1.062315e-03	5.050424e-03	
11	4.280000e-05	1.062315e-03	5.050424e-03	
12	5.280000e-05	1.062315e-03	5.050424e-03	
13	6.280000e-05	1.062315e-03	5.050424e-03	
14	7.280000e-05	1.062315e-03	5.050424e-03	
15	8.280000e-05	1.062315e-03	5.050424e-03	
16	9.280000e-05	1.062315e-03	5.050424e-03	
17	1.028000e-04	1.062315e-03	5.050424e-03	
18	1.128000e-04	1.062315e-03	5.050424e-03	
19	1.228000e-04	1.062315e-03	5.050424e-03	
20	1.328000e-04	1.062315e-03	5.050424e-03	
21	1.428000e-04	1.062315e-03	5.050424e-03	
22	1.528000e-04	1.062315e-03	5.050424e-03	
23	1.628000e-04	1.062315e-03	5.050423e-03	
24	1.728000e-04	1.062315e-03	5.050424e-03	
25	1.828000e-04	1.062315e-03	5.050423e-03	
26	1.928000e-04	1.062315e-03	5.050425e-03	
27	2.028000e-04	1.062315e-03	5.050423e-03	
28	2.128000e-04	1.062315e-03	5.050425e-03	
29	2.228000e-04	1.062315e-03	5.050423e-03	
30	2.328000e-04	1.062315e-03	5.050425e-03	
31	2.428000e-04	1.062315e-03	5.050422e-03	
32	2.528000e-04	1.062315e-03	5.050426e-03	
33	2.628000e-04	1.062315e-03	5.050421e-03	
34	2.728000e-04	1.062315e-03	5.050427e-03	
35	2.828000e-04	1.062315e-03	5.050420e-03	
36	2.928000e-04	1.062315e-03	5.050428e-03	
37	3.028000e-04	1.062315e-03	5.050419e-03	
38	3.128000e-04	1.062315e-03	5.050430e-03	
39	3.228000e-04	1.062315e-03	5.050417e-03	
40	3.328000e-04	1.062315e-03	5.050432e-03	
41	3.428000e-04	1.062315e-03	5.050414e-03	
42	3.528000e-04	1.062315e-03	5.050435e-03	
43	3.628000e-04	1.062315e-03	5.050410e-03	
44	3.728000e-04	1.062315e-03	5.050440e-03	
45	3.828000e-04	1.062315e-03	5.050405e-03	
46	3.928000e-04	1.062315e-03	5.050447e-03	
47	4.028000e-04	1.062315e-03	5.050397e-03	
48	4.128000e-04	1.062315e-03	5.050456e-03	
49	4.228000e-04	1.062315e-03	5.050385e-03	
50	4.328000e-04	1.062315e-03	5.050470e-03	
51	4.428000e-04	1.062315e-03	5.050370e-03	
52	4.528000e-04	1.062315e-03	5.050488e-03	
53	4.628000e-04	1.062315e-03	5.050347e-03	
54	4.728000e-04	1.062315e-03	5.050515e-03	

Index   time            v(2)            v(5)            
--------------------------------------------------------------------------------
55	4.828000e-04	1.062315e-03	5.050316e-03	
56	4.928000e-04	1.062315e-03	5.050552e-03	
57	5.028000e-04	1.062314e-03	5.050272e-03	
58	5.128000e-04	1.062315e-03	5.050604e-03	
59	5.228000e-04	1.062314e-03	5.050210e-03	
60	5.328000e-04	1.062315e-03	5.050678e-03	
61	5.428000e-04	1.062314e-03	5.050122e-03	
62	5.528000e-04	1.062315e-03	5.050782e-03	
63	5.628000e-04	1.062314e-03	5.049998e-03	
64	5.728000e-04	1.062315e-03	5.050929e-03	
65	5.828000e-04	1.062314e-03	5.049824e-03	
66	5.928000e-04	1.062315e-03	5.051136e-03	
67	6.028000e-04	1.062314e-03	5.049578e-03	
68	6.128000e-04	1.062315e-03	5.051428e-03	
69	6.228000e-04	1.062314e-03	5.049232e-03	
70	6.328000e-04	1.062316e-03	5.051839e-03	
71	6.428000e-04	1.062313e-03	5.048744e-03	
72	6.528000e-04	1.062316e-03	5.052418e-03	
73	6.628000e-04	1.062313e-03	5.048056e-03	
74	6.728000e-04	1.062317e-03	5.053235e-03	
75	6.828000e-04	1.062312e-03	5.047086e-03	
76	6.928000e-04	1.062318e-03	5.054386e-03	
77	7.028000e-04	1.062310e-03	5.045720e-03	
78	7.128000e-04	1.062319e-03	5.056009e-03	
79	7.228000e-04	1.062309e-03	5.043793e-03	
80	7.328000e-04	1.062321e-03	5.058297e-03	
81	7.428000e-04	1.062306e-03	5.041077e-03	
82	7.528000e-04	1.062324e-03	5.061521e-03	
83	7.628000e-04	1.062303e-03	5.037249e-03	
84	7.728000e-04	1.062328e-03	5.066066e-03	
85	7.828000e-04	1.062298e-03	5.031853e-03	
86	7.928000e-04	1.062334e-03	5.072473e-03	
87	8.028000e-04	1.062292e-03	5.024246e-03	
88	8.128000e-04	1.062342e-03	5.081503e-03	
89	8.228000e-04	1.062282e-03	5.013525e-03	
90	8.328000e-04	1.062353e-03	5.094232e-03	
91	8.428000e-04	1.062269e-03	4.998412e-03	
92	8.525735e-04	1.062369e-03	5.112422e-03	
93	8.616852e-04	1.062249e-03	4.975568e-03	
94	8.687208e-04	1.062398e-03	5.146021e-03	
95	8.730812e-04	1.062190e-03	4.908118e-03	
96	8.753693e-04	1.062588e-03	5.362884e-03	
97	8.761637e-04	1.069584e-03	1.335738e-02	
98	8.765494e-04	1.081483e-03	2.693413e-02	
99	8.767924e-04	1.096626e-03	4.415048e-02	
100	8.770221e-04	1.121552e-03	7.219405e-02	
101	8.772724e-04	1.168998e-03	1.237676e-01	
102	8.775260e-04	1.251323e-03	2.053038e-01	
103	8.777075e-04	1.339029e-03	2.812290e-01	
104	8.779290e-04	1.486067e-03	3.855097e-01	
105	8.781907e-04	1.720746e-03	5.145784e-01	
106	8.784359e-04	2.002141e-03	6.366492e-01	
107	8.787250e-04	2.410586e-03	7.806687e-01	
108	8.792547e-04	3.374410e-03	1.044709e+00	
109	8.803141e-04	6.137725e-03	1.573220e+00	
110	8.824329e-04	1.500277e-02	2.631979e+00	
111	8.866704e-04	4.605274e-02	4.756442e+00	
112	8.951455e-04	1.611657e-01	9.033320e+00	

Index   time            v(2)            v(5)            
--------------------------------------------------------------------------------
113	9.051455e-04	3.872946e-01	1.412802e+01	
114	9.113339e-04	5.592927e-01	1.461200e+01	
115	9.187935e-04	7.674318e-01	1.461677e+01	
116	9.240457e-04	9.121380e-01	1.461475e+01	
117	9.306201e-04	1.091130e+00	1.461413e+01	
118	9.406201e-04	1.358912e+00	1.461408e+01	
119	9.506201e-04	1.621390e+00	1.461406e+01	
120	9.606201e-04	1.878671e+00	1.461406e+01	
121	9.706201e-04	2.130857e+00	1.461406e+01	
122	9.806201e-04	2.378049e+00	1.461406e+01	
123	9.906201e-04	2.620346e+00	1.461406e+01	
124	1.000620e-03	2.857846e+00	1.461406e+01	
125	1.010620e-03	3.090642e+00	1.461406e+01	
126	1.020620e-03	3.318829e+00	1.461406e+01	
127	1.030620e-03	3.542497e+00	1.461406e+01	
128	1.040620e-03	3.761735e+00	1.461406e+01	
129	1.050620e-03	3.976633e+00	1.461406e+01	
130	1.060620e-03	4.187275e+00	1.461406e+01	
131	1.070620e-03	4.393746e+00	1.461406e+01	
132	1.080620e-03	4.596129e+00	1.461406e+01	
133	1.090620e-03	4.794504e+00	1.461406e+01	
134	1.100620e-03	4.988950e+00	1.461406e+01	
135	1.110620e-03	5.179547e+00	1.461406e+01	
136	1.120620e-03	5.366369e+00	1.461406e+01	
137	1.130620e-03	5.549492e+00	1.461406e+01	
138	1.140620e-03	5.728988e+00	1.461406e+01	
139	1.150620e-03	5.904930e+00	1.461406e+01	
140	1.160620e-03	6.077388e+00	1.461406e+01	
141	1.170620e-03	6.246431e+00	1.461406e+01	
142	1.180620e-03	6.412127e+00	1.461406e+01	
143	1.190620e-03	6.574540e+00	1.461392e+01	
144	1.194448e-03	6.635849e+00	1.461311e+01	
145	1.197021e-03	6.676778e+00	1.461056e+01	
146	1.198988e-03	6.707910e+00	1.460540e+01	
147	1.201211e-03	6.742910e+00	1.459128e+01	
148	1.204080e-03	6.786465e+00	1.413437e+01	
149	1.204920e-03	6.798427e+00	1.370332e+01	
150	1.205956e-03	6.812141e+00	1.316719e+01	
151	1.206539e-03	6.819363e+00	1.286734e+01	
152	1.207261e-03	6.827810e+00	1.249409e+01	
153	1.207931e-03	6.835157e+00	1.214853e+01	
154	1.208687e-03	6.842880e+00	1.175802e+01	
155	1.209736e-03	6.852596e+00	1.121676e+01	
156	1.211077e-03	6.863333e+00	1.052472e+01	
157	1.213220e-03	6.876590e+00	9.418750e+00	
158	1.216544e-03	6.887696e+00	7.703077e+00	
159	1.221992e-03	6.881208e+00	4.891545e+00	
160	1.231310e-03	6.799931e+00	8.427558e-02	
161	1.241310e-03	6.615760e+00	-5.06920e+00	
162	1.251310e-03	6.333263e+00	-1.02150e+01	
163	1.261310e-03	5.962275e+00	-1.45718e+01	
164	1.268111e-03	5.684453e+00	-1.46180e+01	
165	1.275682e-03	5.379231e+00	-1.46172e+01	
166	1.281311e-03	5.155293e+00	-1.46141e+01	
167	1.288066e-03	4.889886e+00	-1.46142e+01	
168	1.298066e-03	4.503508e+00	-1.46139e+01	
169	1.308066e-03	4.124785e+00	-1.46138e+01	
170	1.318066e-03	3.753562e+00	-1.46138e+01	

Index   time            v(2)            v(5)            
--------------------------------------------------------------------------------
171	1.328066e-03	3.389692e+00	-1.46137e+01	
172	1.338066e-03	3.033028e+00	-1.46137e+01	
173	1.348066e-03	2.683429e+00	-1.46136e+01	
174	1.358066e-03	2.340753e+00	-1.46136e+01	
175	1.368066e-03	2.004864e+00	-1.46136e+01	
176	1.378066e-03	1.675628e+00	-1.46135e+01	
177	1.388066e-03	1.352912e+00	-1.46135e+01	
178	1.398066e-03	1.036588e+00	-1.46134e+01	
179	1.408066e-03	7.265285e-01	-1.46134e+01	
180	1.418066e-03	4.226102e-01	-1.46133e+01	
181	1.428066e-03	1.247111e-01	-1.46133e+01	
182	1.438066e-03	-1.67288e-01	-1.46132e+01	
183	1.448066e-03	-4.53504e-01	-1.46132e+01	
184	1.458066e-03	-7.34051e-01	-1.46132e+01	
185	1.468066e-03	-1.00904e+00	-1.46131e+01	
186	1.478066e-03	-1.27859e+00	-1.46131e+01	
187	1.488066e-03	-1.54279e+00	-1.46130e+01	
188	1.498066e-03	-1.80177e+00	-1.46130e+01	
189	1.508066e-03	-2.05561e+00	-1.46130e+01	
190	1.518066e-03	-2.30443e+00	-1.46129e+01	
191	1.528066e-03	-2.54831e+00	-1.46129e+01	
192	1.538066e-03	-2.78737e+00	-1.46129e+01	
193	1.548066e-03	-3.02170e+00	-1.46128e+01	
194	1.558066e-03	-3.25138e+00	-1.46128e+01	
195	1.568066e-03	-3.47651e+00	-1.46128e+01	
196	1.578066e-03	-3.69719e+00	-1.46127e+01	
197	1.588066e-03	-3.91349e+00	-1.46127e+01	
198	1.598066e-03	-4.12551e+00	-1.46127e+01	
199	1.608066e-03	-4.33333e+00	-1.46126e+01	
200	1.618066e-03	-4.53704e+00	-1.46126e+01	
201	1.628066e-03	-4.73671e+00	-1.46126e+01	
202	1.638066e-03	-4.93242e+00	-1.46126e+01	
203	1.648066e-03	-5.12426e+00	-1.46125e+01	
204	1.658066e-03	-5.31230e+00	-1.46125e+01	
205	1.668066e-03	-5.49662e+00	-1.46125e+01	
206	1.678066e-03	-5.67728e+00	-1.46125e+01	
207	1.688066e-03	-5.85437e+00	-1.46124e+01	
208	1.698066e-03	-6.02795e+00	-1.46124e+01	
209	1.708066e-03	-6.19809e+00	-1.46124e+01	
210	1.718066e-03	-6.36487e+00	-1.46124e+01	
211	1.728066e-03	-6.52833e+00	-1.46123e+01	
212	1.732416e-03	-6.59843e+00	-1.46121e+01	
213	1.735166e-03	-6.64242e+00	-1.46113e+01	
214	1.736916e-03	-6.67028e+00	-1.46099e+01	
215	1.738760e-03	-6.69953e+00	-1.46062e+01	
216	1.740859e-03	-6.73265e+00	-1.45965e+01	
217	1.742544e-03	-6.75909e+00	-1.45795e+01	
218	1.743680e-03	-6.77678e+00	-1.45286e+01	
219	1.744345e-03	-6.78695e+00	-1.43112e+01	
220	1.744728e-03	-6.79263e+00	-1.41293e+01	
221	1.745233e-03	-6.79991e+00	-1.38848e+01	
222	1.745580e-03	-6.80477e+00	-1.37173e+01	
223	1.746004e-03	-6.81054e+00	-1.35121e+01	
224	1.746650e-03	-6.81899e+00	-1.31997e+01	
225	1.747504e-03	-6.82954e+00	-1.27859e+01	
226	1.749213e-03	-6.84845e+00	-1.19574e+01	
227	1.752631e-03	-6.87759e+00	-1.02959e+01	
228	1.759467e-03	-6.90133e+00	-6.95538e+00	

Index   time            v(2)            v(5)            
--------------------------------------------------------------------------------
229	1.769467e-03	-6.85360e+00	-2.02613e+00	
230	1.779467e-03	-6.70869e+00	2.954152e+00	
231	1.789467e-03	-6.46753e+00	7.986032e+00	
232	1.799467e-03	-6.13098e+00	1.307000e+01	
233	1.806609e-03	-5.84782e+00	1.460245e+01	
234	1.815265e-03	-5.49667e+00	1.461715e+01	
235	1.822120e-03	-5.22279e+00	1.461750e+01	
236	1.829723e-03	-4.92341e+00	1.461436e+01	
237	1.838813e-03	-4.57141e+00	1.461430e+01	
238	1.848813e-03	-4.19149e+00	1.461407e+01	
239	1.858813e-03	-3.81911e+00	1.461406e+01	
240	1.868813e-03	-3.45409e+00	1.461406e+01	
241	1.878813e-03	-3.09631e+00	1.461406e+01	
242	1.888813e-03	-2.74561e+00	1.461406e+01	
243	1.898813e-03	-2.40185e+00	1.461406e+01	
244	1.908813e-03	-2.06490e+00	1.461406e+01	
245	1.918813e-03	-1.73463e+00	1.461406e+01	
246	1.928813e-03	-1.41089e+00	1.461406e+01	
247	1.938813e-03	-1.09356e+00	1.461406e+01	
248	1.948813e-03	-7.82523e-01	1.461406e+01	
249	1.958813e-03	-4.77640e-01	1.461406e+01	
250	1.968813e-03	-1.78794e-01	1.461406e+01	
251	1.978813e-03	1.141338e-01	1.461406e+01	
252	1.988813e-03	4.012611e-01	1.461406e+01	
253	1.998813e-03	6.827028e-01	1.461406e+01	
254	2.008813e-03	9.585713e-01	1.461406e+01	
255	2.018813e-03	1.228977e+00	1.461406e+01	
256	2.028813e-03	1.494028e+00	1.461406e+01	
257	2.038813e-03	1.753831e+00	1.461406e+01	
258	2.048813e-03	2.008489e+00	1.461406e+01	
259	2.058813e-03	2.258104e+00	1.461406e+01	
260	2.068813e-03	2.502777e+00	1.461406e+01	
261	2.078813e-03	2.742604e+00	1.461406e+01	
262	2.088813e-03	2.977683e+00	1.461406e+01	
263	2.098813e-03	3.208106e+00	1.461406e+01	
264	2.108813e-03	3.433967e+00	1.461406e+01	
265	2.118813e-03	3.655355e+00	1.461406e+01	
266	2.128813e-03	3.872359e+00	1.461406e+01	
267	2.138813e-03	4.085066e+00	1.461406e+01	
268	2.148813e-03	4.293561e+00	1.461406e+01	
269	2.158813e-03	4.497927e+00	1.461406e+01	
270	2.168813e-03	4.698247e+00	1.461406e+01	
271	2.178813e-03	4.894600e+00	1.461406e+01	
272	2.188813e-03	5.087064e+00	1.461406e+01	
273	2.198813e-03	5.275718e+00	1.461406e+01	
274	2.208813e-03	5.460635e+00	1.461406e+01	
275	2.218813e-03	5.641891e+00	1.461406e+01	
276	2.228813e-03	5.819558e+00	1.461406e+01	
277	2.238813e-03	5.993707e+00	1.461406e+01	
278	2.248813e-03	6.164407e+00	1.461406e+01	
279	2.258813e-03	6.331727e+00	1.461406e+01	
280	2.268813e-03	6.495733e+00	1.461406e+01	
281	2.275348e-03	6.601146e+00	1.461373e+01	
282	2.276063e-03	6.612581e+00	1.461361e+01	
283	2.277492e-03	6.635417e+00	1.461319e+01	
284	2.279265e-03	6.663661e+00	1.461185e+01	
285	2.281518e-03	6.699372e+00	1.460732e+01	
286	2.283617e-03	6.732470e+00	1.459710e+01	

Index   time            v(2)            v(5)            
--------------------------------------------------------------------------------
287	2.285307e-03	6.758949e+00	1.457660e+01	
288	2.287440e-03	6.791130e+00	1.407372e+01	
289	2.288140e-03	6.801055e+00	1.371458e+01	
290	2.289085e-03	6.813629e+00	1.322570e+01	
291	2.289677e-03	6.821029e+00	1.292086e+01	
292	2.290377e-03	6.829299e+00	1.255912e+01	
293	2.291124e-03	6.837552e+00	1.217386e+01	
294	2.291969e-03	6.846178e+00	1.173772e+01	
295	2.293213e-03	6.857516e+00	1.109565e+01	
296	2.294883e-03	6.870181e+00	1.023373e+01	
297	2.297561e-03	6.884416e+00	8.851075e+00	
298	2.301860e-03	6.891684e+00	6.632585e+00	
299	2.308892e-03	6.862605e+00	3.003481e+00	
300	2.318892e-03	6.734965e+00	-2.15341e+00	
301	2.328892e-03	6.507800e+00	-7.30391e+00	
302	2.338892e-03	6.183230e+00	-1.24456e+01	
303	2.346699e-03	5.877850e+00	-1.45974e+01	
304	2.354711e-03	5.552078e+00	-1.46171e+01	
305	2.362774e-03	5.229318e+00	-1.46148e+01	
306	2.370454e-03	4.926712e+00	-1.46140e+01	
307	2.378865e-03	4.600581e+00	-1.46139e+01	
308	2.388865e-03	4.219935e+00	-1.46139e+01	
309	2.398865e-03	3.846828e+00	-1.46138e+01	
310	2.408865e-03	3.481111e+00	-1.46138e+01	
311	2.418865e-03	3.122637e+00	-1.46137e+01	
312	2.428865e-03	2.771262e+00	-1.46137e+01	
313	2.438865e-03	2.426847e+00	-1.46136e+01	
314	2.448865e-03	2.089253e+00	-1.46136e+01	
315	2.458865e-03	1.758345e+00	-1.46135e+01	
316	2.468865e-03	1.433991e+00	-1.46135e+01	
317	2.478865e-03	1.116061e+00	-1.46134e+01	
318	2.488865e-03	8.044281e-01	-1.46134e+01	
319	2.498865e-03	4.989670e-01	-1.46133e+01	
320	2.508865e-03	1.995556e-01	-1.46133e+01	
321	2.518865e-03	-9.39257e-02	-1.46133e+01	
322	2.528865e-03	-3.81595e-01	-1.46132e+01	
323	2.538865e-03	-6.63566e-01	-1.46132e+01	
324	2.548865e-03	-9.39953e-01	-1.46131e+01	
325	2.558865e-03	-1.21087e+00	-1.46131e+01	
326	2.568865e-03	-1.47641e+00	-1.46131e+01	
327	2.578865e-03	-1.73670e+00	-1.46130e+01	
328	2.588865e-03	-1.99183e+00	-1.46130e+01	
329	2.598865e-03	-2.24191e+00	-1.46130e+01	
330	2.608865e-03	-2.48704e+00	-1.46129e+01	
331	2.618865e-03	-2.72731e+00	-1.46129e+01	
332	2.628865e-03	-2.96282e+00	-1.46128e+01	
333	2.638865e-03	-3.19367e+00	-1.46128e+01	
334	2.648865e-03	-3.41995e+00	-1.46128e+01	
335	2.658865e-03	-3.64174e+00	-1.46127e+01	
336	2.668865e-03	-3.85915e+00	-1.46127e+01	
337	2.678865e-03	-4.07224e+00	-1.46127e+01	
338	2.688865e-03	-4.28112e+00	-1.46127e+01	
339	2.698865e-03	-4.48586e+00	-1.46126e+01	
340	2.708865e-03	-4.68654e+00	-1.46126e+01	
341	2.718865e-03	-4.88325e+00	-1.46126e+01	
342	2.728865e-03	-5.07607e+00	-1.46125e+01	
343	2.738865e-03	-5.26506e+00	-1.46125e+01	
344	2.748865e-03	-5.45031e+00	-1.46125e+01	

Index   time            v(2)            v(5)            
--------------------------------------------------------------------------------
345	2.758865e-03	-5.63189e+00	-1.46125e+01	
346	2.768865e-03	-5.80988e+00	-1.46124e+01	
347	2.778865e-03	-5.98434e+00	-1.46124e+01	
348	2.788865e-03	-6.15535e+00	-1.46124e+01	
349	2.798865e-03	-6.32297e+00	-1.46124e+01	
350	2.808865e-03	-6.48726e+00	-1.46123e+01	
351	2.816780e-03	-6.61499e+00	-1.46118e+01	
352	2.820288e-03	-6.67094e+00	-1.46095e+01	
353	2.822312e-03	-6.70302e+00	-1.46053e+01	
354	2.824636e-03	-6.73966e+00	-1.45929e+01	
355	2.825863e-03	-6.75891e+00	-1.45787e+01	
356	2.826837e-03	-6.77410e+00	-1.45437e+01	
357	2.827523e-03	-6.78462e+00	-1.43735e+01	
358	2.827869e-03	-6.78982e+00	-1.42111e+01	
359	2.828357e-03	-6.79694e+00	-1.39751e+01	
360	2.828643e-03	-6.80100e+00	-1.38373e+01	
361	2.829015e-03	-6.80617e+00	-1.36572e+01	
362	2.829664e-03	-6.81485e+00	-1.33435e+01	
363	2.830482e-03	-6.82520e+00	-1.29476e+01	
364	2.832118e-03	-6.84390e+00	-1.21548e+01	
365	2.835389e-03	-6.87336e+00	-1.05652e+01	
366	2.841933e-03	-6.90059e+00	-7.36999e+00	
367	2.851933e-03	-6.86112e+00	-2.44503e+00	
368	2.861933e-03	-6.72441e+00	2.530911e+00	
369	2.871933e-03	-6.49136e+00	7.558402e+00	
370	2.881933e-03	-6.16285e+00	1.263795e+01	
371	2.889508e-03	-5.86541e+00	1.459872e+01	
372	2.897564e-03	-5.53819e+00	1.461701e+01	
373	2.905642e-03	-5.21518e+00	1.461469e+01	
374	2.913093e-03	-4.92185e+00	1.461414e+01	
375	2.921854e-03	-4.58253e+00	1.461407e+01	
376	2.931854e-03	-4.20240e+00	1.461406e+01	
377	2.941854e-03	-3.82980e+00	1.461406e+01	
378	2.951854e-03	-3.46457e+00	1.461406e+01	
379	2.961854e-03	-3.10658e+00	1.461406e+01	
380	2.971854e-03	-2.75568e+00	1.461406e+01	
381	2.981854e-03	-2.41172e+00	1.461406e+01	
382	2.991854e-03	-2.07458e+00	1.461406e+01	
383	3.001854e-03	-1.74411e+00	1.461406e+01	
384	3.011854e-03	-1.42018e+00	1.461406e+01	
385	3.021854e-03	-1.10267e+00	1.461406e+01	
386	3.031854e-03	-7.91451e-01	1.461406e+01	
387	3.041854e-03	-4.86391e-01	1.461406e+01	
388	3.051854e-03	-1.87372e-01	1.461406e+01	
389	3.061854e-03	1.057253e-01	1.461406e+01	
390	3.071854e-03	3.930191e-01	1.461406e+01	
391	3.081854e-03	6.746240e-01	1.461406e+01	
392	3.091854e-03	9.506525e-01	1.461406e+01	
393	3.101854e-03	1.221215e+00	1.461406e+01	
394	3.111854e-03	1.486420e+00	1.461406e+01	
395	3.121854e-03	1.746373e+00	1.461406e+01	
396	3.131854e-03	2.001179e+00	1.461406e+01	
397	3.141854e-03	2.250939e+00	1.461406e+01	
398	3.151854e-03	2.495754e+00	1.461406e+01	
399	3.161854e-03	2.735720e+00	1.461406e+01	
400	3.171854e-03	2.970935e+00	1.461406e+01	
401	3.181854e-03	3.201492e+00	1.461406e+01	
402	3.191854e-03	3.427483e+00	1.461406e+01	

Index   time            v(2)            v(5)            
--------------------------------------------------------------------------------
403	3.201854e-03	3.649000e+00	1.461406e+01	
404	3.211854e-03	3.866130e+00	1.461406e+01	
405	3.221854e-03	4.078960e+00	1.461406e+01	
406	3.231854e-03	4.287576e+00	1.461406e+01	
407	3.241854e-03	4.492061e+00	1.461406e+01	
408	3.251854e-03	4.692497e+00	1.461406e+01	
409	3.261854e-03	4.888963e+00	1.461406e+01	
410	3.271854e-03	5.081539e+00	1.461406e+01	
411	3.281854e-03	5.270302e+00	1.461406e+01	
412	3.291854e-03	5.455327e+00	1.461406e+01	
413	3.301854e-03	5.636688e+00	1.461406e+01	
414	3.311854e-03	5.814458e+00	1.461406e+01	
415	3.321854e-03	5.988708e+00	1.461406e+01	
416	3.331854e-03	6.159507e+00	1.461406e+01	
417	3.341854e-03	6.326924e+00	1.461406e+01	
418	3.351854e-03	6.491026e+00	1.461406e+01	
419	3.358882e-03	6.604411e+00	1.461368e+01	
420	3.359552e-03	6.615116e+00	1.461356e+01	
421	3.360890e-03	6.636497e+00	1.461314e+01	
422	3.362702e-03	6.665346e+00	1.461172e+01	
423	3.364906e-03	6.700282e+00	1.460715e+01	
424	3.367056e-03	6.734176e+00	1.459628e+01	
425	3.368523e-03	6.757162e+00	1.458049e+01	
426	3.369472e-03	6.771952e+00	1.454699e+01	
427	3.370215e-03	6.783336e+00	1.434942e+01	
428	3.370566e-03	6.788584e+00	1.417260e+01	
429	3.371057e-03	6.795693e+00	1.391873e+01	
430	3.371339e-03	6.799672e+00	1.377318e+01	
431	3.371709e-03	6.804759e+00	1.358199e+01	
432	3.372289e-03	6.812420e+00	1.328316e+01	
433	3.373040e-03	6.821833e+00	1.289537e+01	
434	3.374543e-03	6.838871e+00	1.211981e+01	
435	3.377548e-03	6.865821e+00	1.056857e+01	
436	3.383559e-03	6.891433e+00	7.466105e+00	
437	3.393559e-03	6.851559e+00	2.306003e+00	
438	3.403559e-03	6.710334e+00	-2.85014e+00	
439	3.413559e-03	6.469869e+00	-7.99965e+00	
440	3.423559e-03	6.132288e+00	-1.31399e+01	
441	3.430654e-03	5.850321e+00	-1.46033e+01	
442	3.439227e-03	5.502324e+00	-1.46170e+01	
443	3.445872e-03	5.236611e+00	-1.46170e+01	
444	3.453428e-03	4.938733e+00	-1.46142e+01	
445	3.462617e-03	4.582508e+00	-1.46141e+01	
446	3.472617e-03	4.202218e+00	-1.46139e+01	
447	3.482617e-03	3.829462e+00	-1.46138e+01	
448	3.492617e-03	3.464088e+00	-1.46138e+01	
449	3.502617e-03	3.105951e+00	-1.46137e+01	
450	3.512617e-03	2.754907e+00	-1.46137e+01	
451	3.522617e-03	2.410816e+00	-1.46136e+01	
452	3.532617e-03	2.073539e+00	-1.46136e+01	
453	3.542617e-03	1.742943e+00	-1.46135e+01	
454	3.552617e-03	1.418894e+00	-1.46135e+01	
455	3.562617e-03	1.101263e+00	-1.46134e+01	
456	3.572617e-03	7.899228e-01	-1.46134e+01	
457	3.582617e-03	4.847489e-01	-1.46133e+01	
458	3.592617e-03	1.856192e-01	-1.46133e+01	
459	3.602617e-03	-1.07586e-01	-1.46133e+01	
460	3.612617e-03	-3.94984e-01	-1.46132e+01	

Index   time            v(2)            v(5)            
--------------------------------------------------------------------------------
461	3.622617e-03	-6.76691e-01	-1.46132e+01	
462	3.632617e-03	-9.52817e-01	-1.46131e+01	
463	3.642617e-03	-1.22348e+00	-1.46131e+01	
464	3.652617e-03	-1.48877e+00	-1.46131e+01	
465	3.662617e-03	-1.74882e+00	-1.46130e+01	
466	3.672617e-03	-2.00371e+00	-1.46130e+01	
467	3.682617e-03	-2.25355e+00	-1.46129e+01	
468	3.692617e-03	-2.49845e+00	-1.46129e+01	
469	3.702617e-03	-2.73850e+00	-1.46129e+01	
470	3.712617e-03	-2.97379e+00	-1.46128e+01	
471	3.722617e-03	-3.20442e+00	-1.46128e+01	
472	3.732617e-03	-3.43048e+00	-1.46128e+01	
473	3.742617e-03	-3.65207e+00	-1.46127e+01	
474	3.752617e-03	-3.86927e+00	-1.46127e+01	
475	3.762617e-03	-4.08216e+00	-1.46127e+01	
476	3.772617e-03	-4.29084e+00	-1.46127e+01	
477	3.782617e-03	-4.49539e+00	-1.46126e+01	
478	3.792617e-03	-4.69588e+00	-1.46126e+01	
479	3.802617e-03	-4.89241e+00	-1.46126e+01	
480	3.812617e-03	-5.08504e+00	-1.46125e+01	
481	3.822617e-03	-5.27386e+00	-1.46125e+01	
482	3.832617e-03	-5.45893e+00	-1.46125e+01	
483	3.842617e-03	-5.64035e+00	-1.46125e+01	
484	3.852617e-03	-5.81816e+00	-1.46124e+01	
485	3.862617e-03	-5.99246e+00	-1.46124e+01	
486	3.872617e-03	-6.16331e+00	-1.46124e+01	
487	3.882617e-03	-6.33077e+00	-1.46124e+01	
488	3.892617e-03	-6.49491e+00	-1.46123e+01	
489	3.899592e-03	-6.60746e+00	-1.46119e+01	
490	3.902948e-03	-6.66105e+00	-1.46103e+01	
491	3.904901e-03	-6.69206e+00	-1.46073e+01	
492	3.907343e-03	-6.73064e+00	-1.45972e+01	
493	3.909901e-03	-6.77068e+00	-1.45553e+01	
494	3.910934e-03	-6.78650e+00	-1.43074e+01	
495	3.911430e-03	-6.79383e+00	-1.40715e+01	
496	3.912154e-03	-6.80411e+00	-1.37203e+01	
497	3.912529e-03	-6.80923e+00	-1.35396e+01	
498	3.913023e-03	-6.81576e+00	-1.33003e+01	
499	3.913577e-03	-6.82279e+00	-1.30324e+01	
500	3.914238e-03	-6.83078e+00	-1.27123e+01	
501	3.915487e-03	-6.84470e+00	-1.21069e+01	
502	3.917364e-03	-6.86271e+00	-1.11954e+01	
503	3.921118e-03	-6.88828e+00	-9.36732e+00	
504	3.928507e-03	-6.89810e+00	-5.74851e+00	
505	3.938507e-03	-6.82641e+00	-8.06790e-01	
506	3.948507e-03	-6.65778e+00	4.186150e+00	
507	3.958507e-03	-6.39310e+00	9.230757e+00	
508	3.968507e-03	-6.03325e+00	1.432758e+01	
509	3.974742e-03	-5.77915e+00	1.461266e+01	
510	3.982157e-03	-5.47895e+00	1.461473e+01	
511	3.987226e-03	-5.27627e+00	1.461416e+01	
512	3.993644e-03	-5.02261e+00	1.461407e+01	
513	4.003644e-03	-4.63376e+00	1.461406e+01	
514	4.013644e-03	-4.25262e+00	1.461406e+01	
515	4.023644e-03	-3.87902e+00	1.461406e+01	
516	4.033644e-03	-3.51282e+00	1.461406e+01	
517	4.043644e-03	-3.15387e+00	1.461406e+01	
518	4.053644e-03	-2.80203e+00	1.461406e+01	

Index   time            v(2)            v(5)            
--------------------------------------------------------------------------------
519	4.063644e-03	-2.45716e+00	1.461406e+01	
520	4.073644e-03	-2.11911e+00	1.461406e+01	
521	4.083644e-03	-1.78776e+00	1.461406e+01	
522	4.093644e-03	-1.46297e+00	1.461406e+01	
523	4.103644e-03	-1.14462e+00	1.461406e+01	
524	4.113644e-03	-8.32564e-01	1.461406e+01	
525	4.123644e-03	-5.26690e-01	1.461406e+01	
526	4.133644e-03	-2.26873e-01	1.461406e+01	
527	4.143644e-03	6.700686e-02	1.461406e+01	
528	4.153644e-03	3.550674e-01	1.461406e+01	
529	4.163644e-03	6.374238e-01	1.461406e+01	
530	4.173644e-03	9.141889e-01	1.461406e+01	
531	4.183644e-03	1.185474e+00	1.461406e+01	
532	4.193644e-03	1.451386e+00	1.461406e+01	
533	4.203644e-03	1.712033e+00	1.461406e+01	
534	4.213644e-03	1.967519e+00	1.461406e+01	
535	4.223644e-03	2.217946e+00	1.461406e+01	
536	4.233644e-03	2.463413e+00	1.461406e+01	
537	4.243644e-03	2.704020e+00	1.461406e+01	
538	4.253644e-03	2.939863e+00	1.461406e+01	
539	4.263644e-03	3.171035e+00	1.461406e+01	
540	4.273644e-03	3.397630e+00	1.461406e+01	
541	4.283644e-03	3.619737e+00	1.461406e+01	
542	4.293644e-03	3.837447e+00	1.461406e+01	
543	4.303644e-03	4.050845e+00	1.461406e+01	
544	4.313644e-03	4.260018e+00	1.461406e+01	
545	4.323644e-03	4.465048e+00	1.461406e+01	
546	4.333644e-03	4.666019e+00	1.461406e+01	
547	4.343644e-03	4.863010e+00	1.461406e+01	
548	4.353644e-03	5.056100e+00	1.461406e+01	
549	4.363644e-03	5.245367e+00	1.461406e+01	
550	4.373644e-03	5.430885e+00	1.461406e+01	
551	4.383644e-03	5.612730e+00	1.461406e+01	
552	4.393644e-03	5.790975e+00	1.461406e+01	
553	4.403644e-03	5.965689e+00	1.461406e+01	
554	4.413644e-03	6.136944e+00	1.461406e+01	
555	4.423644e-03	6.304808e+00	1.461406e+01	
556	4.433644e-03	6.469348e+00	1.461406e+01	
557	4.443644e-03	6.630614e+00	1.461288e+01	
558	4.447073e-03	6.685163e+00	1.460925e+01	
559	4.449293e-03	6.720232e+00	1.460166e+01	
560	4.451487e-03	6.754670e+00	1.458135e+01	
561	4.453948e-03	6.791722e+00	1.403318e+01	
562	4.454697e-03	6.802258e+00	1.364879e+01	
563	4.455761e-03	6.816212e+00	1.309831e+01	
564	4.456429e-03	6.824359e+00	1.275435e+01	
565	4.457199e-03	6.833170e+00	1.235623e+01	
566	4.458022e-03	6.841892e+00	1.193172e+01	
567	4.458918e-03	6.850578e+00	1.146893e+01	
568	4.460191e-03	6.861465e+00	1.081204e+01	
569	4.461836e-03	6.873016e+00	9.963143e+00	
570	4.464345e-03	6.885200e+00	8.668273e+00	
571	4.468205e-03	6.891188e+00	6.675856e+00	
572	4.474245e-03	6.869790e+00	3.559000e+00	
573	4.484196e-03	6.753815e+00	-1.57329e+00	
574	4.494196e-03	6.537755e+00	-6.72460e+00	
575	4.504196e-03	6.224052e+00	-1.18674e+01	
576	4.512822e-03	5.891145e+00	-1.45947e+01	

Index   time            v(2)            v(5)            
--------------------------------------------------------------------------------
577	4.520600e-03	5.574638e+00	-1.46171e+01	
578	4.528588e-03	5.254474e+00	-1.46154e+01	
579	4.536084e-03	4.958722e+00	-1.46140e+01	
580	4.543917e-03	4.654317e+00	-1.46140e+01	
581	4.553917e-03	4.272607e+00	-1.46139e+01	
582	4.563917e-03	3.898456e+00	-1.46138e+01	
583	4.573917e-03	3.531716e+00	-1.46138e+01	
584	4.583917e-03	3.172240e+00	-1.46137e+01	
585	4.593917e-03	2.819883e+00	-1.46137e+01	
586	4.603917e-03	2.474505e+00	-1.46136e+01	
587	4.613917e-03	2.135967e+00	-1.46136e+01	
588	4.623917e-03	1.804134e+00	-1.46135e+01	
589	4.633917e-03	1.478873e+00	-1.46135e+01	
590	4.643917e-03	1.160054e+00	-1.46134e+01	
591	4.653917e-03	8.475497e-01	-1.46134e+01	
592	4.663917e-03	5.412345e-01	-1.46133e+01	
593	4.673917e-03	2.409860e-01	-1.46133e+01	
594	4.683917e-03	-5.33158e-02	-1.46133e+01	
595	4.693917e-03	-3.41789e-01	-1.46132e+01	
596	4.703917e-03	-6.24549e-01	-1.46132e+01	
597	4.713917e-03	-9.01708e-01	-1.46131e+01	
598	4.723917e-03	-1.17338e+00	-1.46131e+01	
599	4.733917e-03	-1.43967e+00	-1.46131e+01	
600	4.743917e-03	-1.70068e+00	-1.46130e+01	
601	4.753917e-03	-1.95653e+00	-1.46130e+01	
602	4.763917e-03	-2.20731e+00	-1.46130e+01	
603	4.773917e-03	-2.45312e+00	-1.46129e+01	
604	4.783917e-03	-2.69406e+00	-1.46129e+01	
605	4.793917e-03	-2.93024e+00	-1.46129e+01	
606	4.803917e-03	-3.16173e+00	-1.46128e+01	
607	4.813917e-03	-3.38864e+00	-1.46128e+01	
608	4.823917e-03	-3.61105e+00	-1.46128e+01	
609	4.833917e-03	-3.82906e+00	-1.46127e+01	
610	4.843917e-03	-4.04276e+00	-1.46127e+01	
611	4.853917e-03	-4.25222e+00	-1.46127e+01	
612	4.863917e-03	-4.45753e+00	-1.46126e+01	
613	4.873917e-03	-4.65877e+00	-1.46126e+01	
614	4.883917e-03	-4.85603e+00	-1.46126e+01	
615	4.893917e-03	-5.04939e+00	-1.46125e+01	
616	4.903917e-03	-5.23891e+00	-1.46125e+01	
617	4.913917e-03	-5.42468e+00	-1.46125e+01	
618	4.923917e-03	-5.60677e+00	-1.46125e+01	
619	4.933917e-03	-5.78525e+00	-1.46124e+01	
620	4.943917e-03	-5.96020e+00	-1.46124e+01	
621	4.953917e-03	-6.13168e+00	-1.46124e+01	
622	4.963917e-03	-6.29977e+00	-1.46124e+01	
623	4.973917e-03	-6.46453e+00	-1.46123e+01	
624	4.983917e-03	-6.62601e+00	-1.46115e+01	
625	4.987768e-03	-6.68731e+00	-1.46076e+01	
626	4.989996e-03	-6.72253e+00	-1.46000e+01	
627	4.992166e-03	-6.75663e+00	-1.45798e+01	
628	4.993607e-03	-6.77901e+00	-1.44853e+01	
629	4.994225e-03	-6.78837e+00	-1.42241e+01	
630	4.994793e-03	-6.79665e+00	-1.39506e+01	
631	4.995241e-03	-6.80296e+00	-1.37340e+01	
632	4.995738e-03	-6.80973e+00	-1.34936e+01	
633	4.996591e-03	-6.82077e+00	-1.30808e+01	
634	4.997677e-03	-6.83378e+00	-1.25549e+01	

Index   time            v(2)            v(5)            
--------------------------------------------------------------------------------
635	4.999849e-03	-6.85630e+00	-1.15011e+01	
636	5.003912e-03	-6.88588e+00	-9.52369e+00	
637	5.011586e-03	-6.89744e+00	-5.76607e+00	
638	5.021586e-03	-6.82611e+00	-8.24534e-01	
639	5.031586e-03	-6.65784e+00	4.168221e+00	
640	5.041586e-03	-6.39352e+00	9.212643e+00	
641	5.051586e-03	-6.03402e+00	1.430931e+01	
642	5.057831e-03	-5.77960e+00	1.461483e+01	
643	5.065265e-03	-5.47862e+00	1.461509e+01	
644	5.070351e-03	-5.27525e+00	1.461412e+01	
645	5.076791e-03	-5.02073e+00	1.461409e+01	
646	5.086791e-03	-4.63192e+00	1.461406e+01	
647	5.096791e-03	-4.25081e+00	1.461406e+01	
648	5.106791e-03	-3.87725e+00	1.461406e+01	
649	5.116791e-03	-3.51108e+00	1.461406e+01	
650	5.126791e-03	-3.15217e+00	1.461406e+01	
651	5.136791e-03	-2.80036e+00	1.461406e+01	
652	5.146791e-03	-2.45552e+00	1.461406e+01	
653	5.156791e-03	-2.11751e+00	1.461406e+01	
654	5.166791e-03	-1.78619e+00	1.461406e+01	
655	5.176791e-03	-1.46144e+00	1.461406e+01	
656	5.186791e-03	-1.14311e+00	1.461406e+01	
657	5.196791e-03	-8.31085e-01	1.461406e+01	
658	5.206791e-03	-5.25241e-01	1.461406e+01	
659	5.216791e-03	-2.25453e-01	1.461406e+01	
660	5.226791e-03	6.839924e-02	1.461406e+01	
661	5.236791e-03	3.564322e-01	1.461406e+01	
662	5.246791e-03	6.387615e-01	1.461406e+01	
663	5.256791e-03	9.155002e-01	1.461406e+01	
664	5.266791e-03	1.186759e+00	1.461406e+01	
665	5.276791e-03	1.452646e+00	1.461406e+01	
666	5.286791e-03	1.713268e+00	1.461406e+01	
667	5.296791e-03	1.968730e+00	1.461406e+01	
668	5.306791e-03	2.219132e+00	1.461406e+01	
669	5.316791e-03	2.464576e+00	1.461406e+01	
670	5.326791e-03	2.705160e+00	1.461406e+01	
671	5.336791e-03	2.940980e+00	1.461406e+01	
672	5.346791e-03	3.172130e+00	1.461406e+01	
673	5.356791e-03	3.398703e+00	1.461406e+01	
674	5.366791e-03	3.620790e+00	1.461406e+01	
675	5.376791e-03	3.838478e+00	1.461406e+01	
676	5.386791e-03	4.051856e+00	1.461406e+01	
677	5.396791e-03	4.261009e+00	1.461406e+01	
678	5.406791e-03	4.466020e+00	1.461406e+01	
679	5.416791e-03	4.666971e+00	1.461406e+01	
680	5.426791e-03	4.863943e+00	1.461406e+01	
681	5.436791e-03	5.057015e+00	1.461406e+01	
682	5.446791e-03	5.246263e+00	1.461406e+01	
683	5.456791e-03	5.431764e+00	1.461406e+01	
684	5.466791e-03	5.613592e+00	1.461406e+01	
685	5.476791e-03	5.791819e+00	1.461406e+01	
686	5.486791e-03	5.966517e+00	1.461406e+01	
687	5.496791e-03	6.137756e+00	1.461406e+01	
688	5.506791e-03	6.305603e+00	1.461406e+01	
689	5.516791e-03	6.470127e+00	1.461406e+01	
690	5.526791e-03	6.631378e+00	1.461284e+01	
691	5.530198e-03	6.685568e+00	1.460919e+01	
692	5.532419e-03	6.720650e+00	1.460152e+01	

Index   time            v(2)            v(5)            
--------------------------------------------------------------------------------
693	5.534608e-03	6.755016e+00	1.458098e+01	
694	5.537039e-03	6.791623e+00	1.403753e+01	
695	5.537779e-03	6.802050e+00	1.365751e+01	
696	5.538838e-03	6.815950e+00	1.310999e+01	
697	5.539500e-03	6.824050e+00	1.276879e+01	
698	5.540265e-03	6.832825e+00	1.237341e+01	
699	5.541085e-03	6.841543e+00	1.195055e+01	
700	5.541978e-03	6.850233e+00	1.148944e+01	
701	5.543252e-03	6.861180e+00	1.083210e+01	
702	5.544901e-03	6.872826e+00	9.980834e+00	
703	5.547425e-03	6.885154e+00	8.678286e+00	
704	5.551320e-03	6.891203e+00	6.667546e+00	
705	5.557430e-03	6.869240e+00	3.514651e+00	
706	5.567430e-03	6.751586e+00	-1.64271e+00	
707	5.577430e-03	6.534197e+00	-6.79393e+00	
708	5.587430e-03	6.219193e+00	-1.19366e+01	
709	5.595944e-03	5.890083e+00	-1.45952e+01	
710	5.603730e-03	5.573261e+00	-1.46171e+01	
711	5.611709e-03	5.253489e+00	-1.46153e+01	
712	5.619278e-03	4.954865e+00	-1.46140e+01	
713	5.627132e-03	4.649760e+00	-1.46139e+01	
714	5.637132e-03	4.268139e+00	-1.46139e+01	
715	5.647132e-03	3.894078e+00	-1.46138e+01	
716	5.657132e-03	3.527425e+00	-1.46138e+01	
717	5.667132e-03	3.168033e+00	-1.46137e+01	
718	5.677132e-03	2.815760e+00	-1.46137e+01	
719	5.687132e-03	2.470463e+00	-1.46136e+01	
720	5.697132e-03	2.132005e+00	-1.46136e+01	
721	5.707132e-03	1.800251e+00	-1.46135e+01	
722	5.717132e-03	1.475067e+00	-1.46135e+01	
723	5.727132e-03	1.156323e+00	-1.46134e+01	
724	5.737132e-03	8.438925e-01	-1.46134e+01	
725	5.747132e-03	5.376497e-01	-1.46133e+01	
726	5.757132e-03	2.374723e-01	-1.46133e+01	
727	5.767132e-03	-5.67600e-02	-1.46133e+01	
728	5.777132e-03	-3.45165e-01	-1.46132e+01	
729	5.787132e-03	-6.27858e-01	-1.46132e+01	
730	5.797132e-03	-9.04952e-01	-1.46131e+01	
731	5.807132e-03	-1.17656e+00	-1.46131e+01	
732	5.817132e-03	-1.44278e+00	-1.46131e+01	
733	5.827132e-03	-1.70374e+00	-1.46130e+01	
734	5.837132e-03	-1.95952e+00	-1.46130e+01	
735	5.847132e-03	-2.21024e+00	-1.46130e+01	
736	5.857132e-03	-2.45600e+00	-1.46129e+01	
737	5.867132e-03	-2.69688e+00	-1.46129e+01	
738	5.877132e-03	-2.93300e+00	-1.46129e+01	
739	5.887132e-03	-3.16444e+00	-1.46128e+01	
740	5.897132e-03	-3.39129e+00	-1.46128e+01	
741	5.907132e-03	-3.61366e+00	-1.46128e+01	
742	5.917132e-03	-3.83162e+00	-1.46127e+01	
743	5.927132e-03	-4.04526e+00	-1.46127e+01	
744	5.937132e-03	-4.25467e+00	-1.46127e+01	
745	5.947132e-03	-4.45993e+00	-1.46126e+01	
746	5.957132e-03	-4.66113e+00	-1.46126e+01	
747	5.967132e-03	-4.85834e+00	-1.46126e+01	
748	5.977132e-03	-5.05165e+00	-1.46125e+01	
749	5.987132e-03	-5.24113e+00	-1.46125e+01	
750	5.997132e-03	-5.42685e+00	-1.46125e+01	

Index   time            v(2)            v(5)            
--------------------------------------------------------------------------------
751	6.007132e-03	-5.60890e+00	-1.46125e+01	
752	6.017132e-03	-5.78734e+00	-1.46124e+01	
753	6.027132e-03	-5.96225e+00	-1.46124e+01	
754	6.037132e-03	-6.13369e+00	-1.46124e+01	
755	6.047132e-03	-6.30174e+00	-1.46124e+01	
756	6.057132e-03	-6.46646e+00	-1.46123e+01	
757	6.067132e-03	-6.62790e+00	-1.46114e+01	
758	6.070986e-03	-6.68925e+00	-1.46073e+01	
759	6.073222e-03	-6.72459e+00	-1.45993e+01	
760	6.075373e-03	-6.75836e+00	-1.45779e+01	
761	6.076640e-03	-6.77807e+00	-1.45080e+01	
762	6.077264e-03	-6.78755e+00	-1.42680e+01	
763	6.077716e-03	-6.79422e+00	-1.40513e+01	
764	6.078237e-03	-6.80165e+00	-1.37989e+01	
765	6.078749e-03	-6.80867e+00	-1.35519e+01	
766	6.079262e-03	-6.81547e+00	-1.33034e+01	
767	6.080106e-03	-6.82606e+00	-1.28951e+01	
768	6.081209e-03	-6.83885e+00	-1.23604e+01	
769	6.083219e-03	-6.85904e+00	-1.13852e+01	
770	6.086890e-03	-6.88562e+00	-9.59809e+00	
771	6.093548e-03	-6.89995e+00	-6.34024e+00	
772	6.103548e-03	-6.84000e+00	-1.40460e+00	
773	6.113548e-03	-6.68300e+00	3.582100e+00	
774	6.123548e-03	-6.42984e+00	8.620495e+00	
775	6.133548e-03	-6.08141e+00	1.371102e+01	
776	6.140175e-03	-5.81488e+00	1.460844e+01	
777	6.148156e-03	-5.49144e+00	1.461549e+01	
778	6.153883e-03	-5.26246e+00	1.461483e+01	
779	6.160968e-03	-4.98275e+00	1.461407e+01	
780	6.170968e-03	-4.59469e+00	1.461409e+01	
781	6.180968e-03	-4.21432e+00	1.461406e+01	
782	6.190968e-03	-3.84148e+00	1.461406e+01	
783	6.200968e-03	-3.47603e+00	1.461406e+01	
784	6.210968e-03	-3.11781e+00	1.461406e+01	
785	6.220968e-03	-2.76668e+00	1.461406e+01	
786	6.230968e-03	-2.42251e+00	1.461406e+01	
787	6.240968e-03	-2.08515e+00	1.461406e+01	
788	6.250968e-03	-1.75447e+00	1.461406e+01	
789	6.260968e-03	-1.43034e+00	1.461406e+01	
790	6.270968e-03	-1.11263e+00	1.461406e+01	
791	6.280968e-03	-8.01211e-01	1.461406e+01	
792	6.290968e-03	-4.95958e-01	1.461406e+01	
793	6.300968e-03	-1.96750e-01	1.461406e+01	
794	6.310968e-03	9.653393e-02	1.461406e+01	
795	6.320968e-03	3.840098e-01	1.461406e+01	
796	6.330968e-03	6.657930e-01	1.461406e+01	
797	6.340968e-03	9.419964e-01	1.461406e+01	
798	6.350968e-03	1.212730e+00	1.461406e+01	
799	6.360968e-03	1.478103e+00	1.461406e+01	
800	6.370968e-03	1.738221e+00	1.461406e+01	
801	6.380968e-03	1.993189e+00	1.461406e+01	
802	6.390968e-03	2.243107e+00	1.461406e+01	
803	6.400968e-03	2.488076e+00	1.461406e+01	
804	6.410968e-03	2.728195e+00	1.461406e+01	
805	6.420968e-03	2.963559e+00	1.461406e+01	
806	6.430968e-03	3.194262e+00	1.461406e+01	
807	6.440968e-03	3.420396e+00	1.461406e+01	
808	6.450968e-03	3.642053e+00	1.461406e+01	

Index   time            v(2)            v(5)            
--------------------------------------------------------------------------------
809	6.460968e-03	3.859321e+00	1.461406e+01	
810	6.470968e-03	4.072286e+00	1.461406e+01	
811	6.480968e-03	4.281034e+00	1.461406e+01	
812	6.490968e-03	4.485648e+00	1.461406e+01	
813	6.500968e-03	4.686211e+00	1.461406e+01	
814	6.510968e-03	4.882802e+00	1.461406e+01	
815	6.520968e-03	5.075500e+00	1.461406e+01	
816	6.530968e-03	5.264383e+00	1.461406e+01	
817	6.540968e-03	5.449525e+00	1.461406e+01	
818	6.550968e-03	5.631001e+00	1.461406e+01	
819	6.560968e-03	5.808883e+00	1.461406e+01	
820	6.570968e-03	5.983243e+00	1.461406e+01	
821	6.580968e-03	6.154151e+00	1.461406e+01	
822	6.590968e-03	6.321674e+00	1.461406e+01	
823	6.600968e-03	6.485879e+00	1.461406e+01	
824	6.608590e-03	6.608833e+00	1.461359e+01	
825	6.612054e-03	6.664092e+00	1.461158e+01	
826	6.614066e-03	6.695995e+00	1.460782e+01	
827	6.616470e-03	6.733898e+00	1.459631e+01	
828	6.618173e-03	6.760587e+00	1.457422e+01	
829	6.620060e-03	6.789168e+00	1.413573e+01	
830	6.620738e-03	6.798870e+00	1.378843e+01	
831	6.621592e-03	6.810403e+00	1.334642e+01	
832	6.622109e-03	6.817011e+00	1.308045e+01	
833	6.622741e-03	6.824708e+00	1.275379e+01	
834	6.623393e-03	6.832207e+00	1.241741e+01	
835	6.624159e-03	6.840437e+00	1.202214e+01	
836	6.625322e-03	6.851767e+00	1.142151e+01	
837	6.626933e-03	6.865099e+00	1.059019e+01	
838	6.629676e-03	6.881562e+00	9.174352e+00	
839	6.634266e-03	6.891614e+00	6.805378e+00	
840	6.642180e-03	6.858063e+00	2.721532e+00	
841	6.652180e-03	6.724933e+00	-2.43507e+00	
842	6.662180e-03	6.492392e+00	-7.58515e+00	
843	6.672180e-03	6.162564e+00	-1.27262e+01	
844	6.679671e-03	5.867628e+00	-1.45997e+01	
845	6.688703e-03	5.500916e+00	-1.46179e+01	
846	6.696958e-03	5.171351e+00	-1.46144e+01	
847	6.704393e-03	4.879186e+00	-1.46141e+01	
848	6.713643e-03	4.521740e+00	-1.46139e+01	
849	6.723643e-03	4.142656e+00	-1.46138e+01	
850	6.733643e-03	3.771080e+00	-1.46138e+01	
851	6.743643e-03	3.406863e+00	-1.46137e+01	
852	6.753643e-03	3.049859e+00	-1.46137e+01	
853	6.763643e-03	2.699926e+00	-1.46136e+01	
854	6.773643e-03	2.356923e+00	-1.46136e+01	
855	6.783643e-03	2.020714e+00	-1.46136e+01	
856	6.793643e-03	1.691164e+00	-1.46135e+01	
857	6.803643e-03	1.368140e+00	-1.46135e+01	
858	6.813643e-03	1.051515e+00	-1.46134e+01	
859	6.823643e-03	7.411598e-01	-1.46134e+01	
860	6.833643e-03	4.369517e-01	-1.46133e+01	
861	6.843643e-03	1.387686e-01	-1.46133e+01	
862	6.853643e-03	-1.53509e-01	-1.46132e+01	
863	6.863643e-03	-4.39998e-01	-1.46132e+01	
864	6.873643e-03	-7.20812e-01	-1.46132e+01	
865	6.883643e-03	-9.96065e-01	-1.46131e+01	
866	6.893643e-03	-1.26587e+00	-1.46131e+01	

Index   time            v(2)            v(5)            
--------------------------------------------------------------------------------
867	6.903643e-03	-1.53032e+00	-1.46131e+01	
868	6.913643e-03	-1.78954e+00	-1.46130e+01	
869	6.923643e-03	-2.04363e+00	-1.46130e+01	
870	6.933643e-03	-2.29268e+00	-1.46129e+01	
871	6.943643e-03	-2.53681e+00	-1.46129e+01	
872	6.953643e-03	-2.77609e+00	-1.46129e+01	
873	6.963643e-03	-3.01064e+00	-1.46128e+01	
874	6.973643e-03	-3.24054e+00	-1.46128e+01	
875	6.983643e-03	-3.46589e+00	-1.46128e+01	
876	6.993643e-03	-3.68677e+00	-1.46127e+01	
877	7.003643e-03	-3.90328e+00	-1.46127e+01	
878	7.013643e-03	-4.11551e+00	-1.46127e+01	
879	7.023643e-03	-4.32353e+00	-1.46127e+01	
880	7.033643e-03	-4.52742e+00	-1.46126e+01	
881	7.043643e-03	-4.72729e+00	-1.46126e+01	
882	7.053643e-03	-4.92319e+00	-1.46126e+01	
883	7.063643e-03	-5.11521e+00	-1.46125e+01	
884	7.073643e-03	-5.30343e+00	-1.46125e+01	
885	7.083643e-03	-5.48792e+00	-1.46125e+01	
886	7.093643e-03	-5.66876e+00	-1.46125e+01	
887	7.103643e-03	-5.84602e+00	-1.46124e+01	
888	7.113643e-03	-6.01976e+00	-1.46124e+01	
889	7.123643e-03	-6.19006e+00	-1.46124e+01	
890	7.133643e-03	-6.35700e+00	-1.46124e+01	
891	7.143643e-03	-6.52062e+00	-1.46123e+01	
892	7.148450e-03	-6.59812e+00	-1.46121e+01	
893	7.151404e-03	-6.64537e+00	-1.46112e+01	
894	7.153203e-03	-6.67401e+00	-1.46095e+01	
895	7.155066e-03	-6.70353e+00	-1.46054e+01	
896	7.157147e-03	-6.73635e+00	-1.45947e+01	
897	7.159031e-03	-6.76586e+00	-1.45677e+01	
898	7.160320e-03	-6.78565e+00	-1.43255e+01	
899	7.160834e-03	-6.79326e+00	-1.40817e+01	
900	7.161550e-03	-6.80345e+00	-1.37341e+01	
901	7.161915e-03	-6.80844e+00	-1.35583e+01	
902	7.162406e-03	-6.81494e+00	-1.33209e+01	
903	7.162940e-03	-6.82175e+00	-1.30623e+01	
904	7.163587e-03	-6.82962e+00	-1.27491e+01	
905	7.164815e-03	-6.84341e+00	-1.21538e+01	
906	7.166661e-03	-6.86132e+00	-1.12577e+01	
907	7.170352e-03	-6.88705e+00	-9.46056e+00	
908	7.177735e-03	-6.89828e+00	-5.84552e+00	
909	7.187735e-03	-6.82851e+00	-9.04810e-01	
910	7.197735e-03	-6.66179e+00	4.087113e+00	
911	7.207735e-03	-6.39900e+00	9.130695e+00	
912	7.217735e-03	-6.04103e+00	1.422655e+01	
913	7.224029e-03	-5.78509e+00	1.461182e+01	
914	7.231530e-03	-5.48134e+00	1.461555e+01	
915	7.236691e-03	-5.27494e+00	1.461439e+01	
916	7.243220e-03	-5.01691e+00	1.461409e+01	
917	7.253220e-03	-4.62818e+00	1.461407e+01	
918	7.263220e-03	-4.24714e+00	1.461406e+01	
919	7.273220e-03	-3.87366e+00	1.461406e+01	
920	7.283220e-03	-3.50756e+00	1.461406e+01	
921	7.293220e-03	-3.14872e+00	1.461406e+01	
922	7.303220e-03	-2.79698e+00	1.461406e+01	
923	7.313220e-03	-2.45221e+00	1.461406e+01	
924	7.323220e-03	-2.11426e+00	1.461406e+01	

Index   time            v(2)            v(5)            
--------------------------------------------------------------------------------
925	7.333220e-03	-1.78301e+00	1.461406e+01	
926	7.343220e-03	-1.45831e+00	1.461406e+01	
927	7.353220e-03	-1.14005e+00	1.461406e+01	
928	7.363220e-03	-8.28085e-01	1.461406e+01	
929	7.373220e-03	-5.22300e-01	1.461406e+01	
930	7.383220e-03	-2.22570e-01	1.461406e+01	
931	7.393220e-03	7.122510e-02	1.461406e+01	
932	7.403220e-03	3.592021e-01	1.461406e+01	
933	7.413220e-03	6.414766e-01	1.461406e+01	
934	7.423220e-03	9.181615e-01	1.461406e+01	
935	7.433220e-03	1.189367e+00	1.461406e+01	
936	7.443220e-03	1.455203e+00	1.461406e+01	
937	7.453220e-03	1.715775e+00	1.461406e+01	
938	7.463220e-03	1.971186e+00	1.461406e+01	
939	7.473220e-03	2.221540e+00	1.461406e+01	
940	7.483220e-03	2.466937e+00	1.461406e+01	
941	7.493220e-03	2.707474e+00	1.461406e+01	
942	7.503220e-03	2.943248e+00	1.461406e+01	
943	7.513220e-03	3.174353e+00	1.461406e+01	
944	7.523220e-03	3.400882e+00	1.461406e+01	
945	7.533220e-03	3.622925e+00	1.461406e+01	
946	7.543220e-03	3.840572e+00	1.461406e+01	
947	7.553220e-03	4.053908e+00	1.461406e+01	
948	7.563220e-03	4.263020e+00	1.461406e+01	
949	7.573220e-03	4.467991e+00	1.461406e+01	
950	7.583220e-03	4.668904e+00	1.461406e+01	
951	7.593220e-03	4.865837e+00	1.461406e+01	
952	7.603220e-03	5.058872e+00	1.461406e+01	
953	7.613220e-03	5.248083e+00	1.461406e+01	
954	7.623220e-03	5.433548e+00	1.461406e+01	
955	7.633220e-03	5.615341e+00	1.461406e+01	
956	7.643220e-03	5.793533e+00	1.461406e+01	
957	7.653220e-03	5.968197e+00	1.461406e+01	
958	7.663220e-03	6.139402e+00	1.461406e+01	
959	7.673220e-03	6.307217e+00	1.461406e+01	
960	7.683220e-03	6.471709e+00	1.461406e+01	
961	7.693220e-03	6.632928e+00	1.461277e+01	
962	7.696598e-03	6.686640e+00	1.460904e+01	
963	7.698824e-03	6.721800e+00	1.460112e+01	
964	7.701003e-03	6.755996e+00	1.457989e+01	
965	7.703378e-03	6.791751e+00	1.403777e+01	
966	7.704113e-03	6.802114e+00	1.366014e+01	
967	7.705161e-03	6.815878e+00	1.311844e+01	
968	7.705824e-03	6.823999e+00	1.277683e+01	
969	7.706586e-03	6.832754e+00	1.238296e+01	
970	7.707410e-03	6.841523e+00	1.195831e+01	
971	7.708308e-03	6.850277e+00	1.149440e+01	
972	7.709593e-03	6.861322e+00	1.083147e+01	
973	7.711263e-03	6.873099e+00	9.969117e+00	
974	7.713821e-03	6.885488e+00	8.648782e+00	
975	7.717781e-03	6.891271e+00	6.605066e+00	
976	7.723998e-03	6.867813e+00	3.397113e+00	
977	7.733998e-03	6.747861e+00	-1.76015e+00	
978	7.743998e-03	6.528222e+00	-6.91120e+00	
979	7.753998e-03	6.211016e+00	-1.20536e+01	
980	7.762331e-03	5.887963e+00	-1.45960e+01	
981	7.770144e-03	5.570091e+00	-1.46172e+01	
982	7.778118e-03	5.250570e+00	-1.46152e+01	

Index   time            v(2)            v(5)            
--------------------------------------------------------------------------------
983	7.786464e-03	4.921600e+00	-1.46140e+01	
984	7.794178e-03	4.622378e+00	-1.46139e+01	
985	7.804178e-03	4.241301e+00	-1.46139e+01	
986	7.814178e-03	3.867771e+00	-1.46138e+01	
987	7.824178e-03	3.501638e+00	-1.46138e+01	
988	7.834178e-03	3.142758e+00	-1.46137e+01	
989	7.844178e-03	2.790985e+00	-1.46137e+01	
990	7.854178e-03	2.446179e+00	-1.46136e+01	
991	7.864178e-03	2.108202e+00	-1.46136e+01	
992	7.874178e-03	1.776919e+00	-1.46135e+01	
993	7.884178e-03	1.452197e+00	-1.46135e+01	
994	7.894178e-03	1.133906e+00	-1.46134e+01	
995	7.904178e-03	8.219197e-01	-1.46134e+01	
996	7.914178e-03	5.161121e-01	-1.46133e+01	
997	7.924178e-03	2.163612e-01	-1.46133e+01	
998	7.934178e-03	-7.74530e-02	-1.46133e+01	
999	7.944178e-03	-3.65448e-01	-1.46132e+01	
1000	7.954178e-03	-6.47739e-01	-1.46132e+01	
1001	7.964178e-03	-9.24439e-01	-1.46131e+01	
1002	7.974178e-03	-1.19566e+00	-1.46131e+01	
1003	7.984178e-03	-1.46151e+00	-1.46131e+01	
1004	7.994178e-03	-1.72209e+00	-1.46130e+01	
1005	8.004178e-03	-1.97751e+00	-1.46130e+01	
1006	8.014178e-03	-2.22788e+00	-1.46130e+01	
1007	8.024178e-03	-2.47328e+00	-1.46129e+01	
1008	8.034178e-03	-2.71383e+00	-1.46129e+01	
1009	8.044178e-03	-2.94961e+00	-1.46128e+01	
1010	8.054178e-03	-3.18072e+00	-1.46128e+01	
1011	8.064178e-03	-3.40725e+00	-1.46128e+01	
1012	8.074178e-03	-3.62930e+00	-1.46128e+01	
1013	8.084178e-03	-3.84694e+00	-1.46127e+01	
1014	8.094178e-03	-4.06028e+00	-1.46127e+01	
1015	8.104178e-03	-4.26940e+00	-1.46127e+01	
1016	8.114178e-03	-4.47437e+00	-1.46126e+01	
1017	8.124178e-03	-4.67528e+00	-1.46126e+01	
1018	8.134178e-03	-4.87221e+00	-1.46126e+01	
1019	8.144178e-03	-5.06524e+00	-1.46125e+01	
1020	8.154178e-03	-5.25445e+00	-1.46125e+01	
1021	8.164178e-03	-5.43991e+00	-1.46125e+01	
1022	8.174178e-03	-5.62170e+00	-1.46125e+01	
1023	8.184178e-03	-5.79989e+00	-1.46124e+01	
1024	8.194178e-03	-5.97455e+00	-1.46124e+01	
1025	8.204178e-03	-6.14575e+00	-1.46124e+01	
1026	8.214178e-03	-6.31356e+00	-1.46124e+01	
1027	8.224178e-03	-6.47804e+00	-1.46123e+01	
1028	8.234178e-03	-6.63925e+00	-1.46109e+01	
1029	8.237460e-03	-6.69144e+00	-1.46070e+01	
1030	8.239666e-03	-6.72630e+00	-1.45987e+01	
1031	8.241773e-03	-6.75936e+00	-1.45767e+01	
1032	8.244033e-03	-6.79351e+00	-1.40800e+01	
1033	8.244777e-03	-6.80407e+00	-1.37224e+01	
1034	8.245791e-03	-6.81760e+00	-1.32306e+01	
1035	8.246466e-03	-6.82602e+00	-1.29048e+01	
1036	8.247227e-03	-6.83499e+00	-1.25357e+01	
1037	8.248062e-03	-6.84416e+00	-1.21311e+01	
1038	8.248983e-03	-6.85348e+00	-1.16840e+01	
1039	8.250296e-03	-6.86531e+00	-1.10464e+01	
1040	8.252026e-03	-6.87830e+00	-1.02041e+01	

Index   time            v(2)            v(5)            
--------------------------------------------------------------------------------
1041	8.254670e-03	-6.89244e+00	-8.91499e+00	
1042	8.258787e-03	-6.90076e+00	-6.90003e+00	
1043	8.265269e-03	-6.88021e+00	-3.71031e+00	
1044	8.275269e-03	-6.76830e+00	1.252600e+00	
1045	8.285269e-03	-6.55983e+00	6.266786e+00	
1046	8.295269e-03	-6.25567e+00	1.133302e+01	
1047	8.305269e-03	-5.87510e+00	1.459361e+01	
1048	8.313454e-03	-5.54254e+00	1.461757e+01	
1049	8.321854e-03	-5.20672e+00	1.461583e+01	
1050	8.329385e-03	-4.91035e+00	1.461411e+01	
1051	8.337461e-03	-4.59753e+00	1.461412e+01	
1052	8.347461e-03	-4.21710e+00	1.461407e+01	
1053	8.357461e-03	-3.84421e+00	1.461406e+01	
1054	8.367461e-03	-3.47869e+00	1.461406e+01	
1055	8.377461e-03	-3.12042e+00	1.461406e+01	
1056	8.387461e-03	-2.76924e+00	1.461406e+01	
1057	8.397461e-03	-2.42502e+00	1.461406e+01	
1058	8.407461e-03	-2.08761e+00	1.461406e+01	
1059	8.417461e-03	-1.75689e+00	1.461406e+01	
1060	8.427461e-03	-1.43271e+00	1.461406e+01	
1061	8.437461e-03	-1.11495e+00	1.461406e+01	
1062	8.447461e-03	-8.03486e-01	1.461406e+01	
1063	8.457461e-03	-4.98188e-01	1.461406e+01	
1064	8.467461e-03	-1.98935e-01	1.461406e+01	
1065	8.477461e-03	9.439147e-02	1.461406e+01	
1066	8.487461e-03	3.819097e-01	1.461406e+01	
1067	8.497461e-03	6.637346e-01	1.461406e+01	
1068	8.507461e-03	9.399787e-01	1.461406e+01	
1069	8.517461e-03	1.210753e+00	1.461406e+01	
1070	8.527461e-03	1.476165e+00	1.461406e+01	
1071	8.537461e-03	1.736321e+00	1.461406e+01	
1072	8.547461e-03	1.991326e+00	1.461406e+01	
1073	8.557461e-03	2.241281e+00	1.461406e+01	
1074	8.567461e-03	2.486287e+00	1.461406e+01	
1075	8.577461e-03	2.726441e+00	1.461406e+01	
1076	8.587461e-03	2.961839e+00	1.461406e+01	
1077	8.597461e-03	3.192576e+00	1.461406e+01	
1078	8.607461e-03	3.418744e+00	1.461406e+01	
1079	8.617461e-03	3.640434e+00	1.461406e+01	
1080	8.627461e-03	3.857733e+00	1.461406e+01	
1081	8.637461e-03	4.070730e+00	1.461406e+01	
1082	8.647461e-03	4.279509e+00	1.461406e+01	
1083	8.657461e-03	4.484154e+00	1.461406e+01	
1084	8.667461e-03	4.684746e+00	1.461406e+01	
1085	8.677461e-03	4.881366e+00	1.461406e+01	
1086	8.687461e-03	5.074093e+00	1.461406e+01	
1087	8.697461e-03	5.263003e+00	1.461406e+01	
1088	8.707461e-03	5.448173e+00	1.461406e+01	
1089	8.717461e-03	5.629675e+00	1.461406e+01	
1090	8.727461e-03	5.807584e+00	1.461406e+01	
1091	8.737461e-03	5.981970e+00	1.461406e+01	
1092	8.747461e-03	6.152902e+00	1.461406e+01	
1093	8.757461e-03	6.320450e+00	1.461406e+01	
1094	8.767461e-03	6.484680e+00	1.461406e+01	
1095	8.775264e-03	6.610558e+00	1.461356e+01	
1096	8.778753e-03	6.666188e+00	1.461140e+01	
1097	8.780784e-03	6.698381e+00	1.460737e+01	
1098	8.783165e-03	6.735920e+00	1.459528e+01	

Index   time            v(2)            v(5)            
--------------------------------------------------------------------------------
1099	8.784456e-03	6.756153e+00	1.458114e+01	
1100	8.785442e-03	6.771518e+00	1.454818e+01	
1101	8.786185e-03	6.782926e+00	1.435707e+01	
1102	8.786542e-03	6.788253e+00	1.417805e+01	
1103	8.787033e-03	6.795380e+00	1.392374e+01	
1104	8.787317e-03	6.799382e+00	1.377744e+01	
1105	8.787684e-03	6.804421e+00	1.358820e+01	
1106	8.788261e-03	6.812063e+00	1.329046e+01	
1107	8.789003e-03	6.821370e+00	1.290765e+01	
1108	8.790486e-03	6.838242e+00	1.214204e+01	
1109	8.793453e-03	6.865041e+00	1.061073e+01	
1110	8.799386e-03	6.891067e+00	7.548090e+00	
1111	8.809386e-03	6.852824e+00	2.387952e+00	
1112	8.819386e-03	6.713195e+00	-2.76827e+00	
1113	8.829386e-03	6.474294e+00	-7.91790e+00	
1114	8.839386e-03	6.138242e+00	-1.30583e+01	
1115	8.846554e-03	5.853911e+00	-1.46026e+01	
1116	8.855217e-03	5.502262e+00	-1.46172e+01	
1117	8.862012e-03	5.230561e+00	-1.46174e+01	
1118	8.869628e-03	4.930449e+00	-1.46142e+01	
1119	8.878694e-03	4.579101e+00	-1.46141e+01	
1120	8.888694e-03	4.198878e+00	-1.46139e+01	
1121	8.898694e-03	3.826188e+00	-1.46138e+01	
1122	8.908694e-03	3.460880e+00	-1.46138e+01	
1123	8.918694e-03	3.102806e+00	-1.46137e+01	
1124	8.928694e-03	2.751824e+00	-1.46137e+01	
1125	8.938694e-03	2.407794e+00	-1.46136e+01	
1126	8.948694e-03	2.070577e+00	-1.46136e+01	
1127	8.958694e-03	1.740040e+00	-1.46135e+01	
1128	8.968694e-03	1.416048e+00	-1.46135e+01	
1129	8.978694e-03	1.098473e+00	-1.46134e+01	
1130	8.988694e-03	7.871886e-01	-1.46134e+01	
1131	8.998694e-03	4.820689e-01	-1.46133e+01	
1132	9.008694e-03	1.829922e-01	-1.46133e+01	
1133	9.018694e-03	-1.10161e-01	-1.46133e+01	
1134	9.028694e-03	-3.97508e-01	-1.46132e+01	
1135	9.038694e-03	-6.79164e-01	-1.46132e+01	
1136	9.048694e-03	-9.55242e-01	-1.46131e+01	
1137	9.058694e-03	-1.22585e+00	-1.46131e+01	
1138	9.068694e-03	-1.49110e+00	-1.46131e+01	
1139	9.078694e-03	-1.75110e+00	-1.46130e+01	
1140	9.088694e-03	-2.00595e+00	-1.46130e+01	
1141	9.098694e-03	-2.25575e+00	-1.46129e+01	
1142	9.108694e-03	-2.50060e+00	-1.46129e+01	
1143	9.118694e-03	-2.74060e+00	-1.46129e+01	
1144	9.128694e-03	-2.97585e+00	-1.46128e+01	
1145	9.138694e-03	-3.20644e+00	-1.46128e+01	
1146	9.148694e-03	-3.43247e+00	-1.46128e+01	
1147	9.158694e-03	-3.65401e+00	-1.46127e+01	
1148	9.168694e-03	-3.87117e+00	-1.46127e+01	
1149	9.178694e-03	-4.08403e+00	-1.46127e+01	
1150	9.188694e-03	-4.29267e+00	-1.46127e+01	
1151	9.198694e-03	-4.49718e+00	-1.46126e+01	
1152	9.208694e-03	-4.69764e+00	-1.46126e+01	
1153	9.218694e-03	-4.89413e+00	-1.46126e+01	
1154	9.228694e-03	-5.08673e+00	-1.46125e+01	
1155	9.238694e-03	-5.27552e+00	-1.46125e+01	
1156	9.248694e-03	-5.46056e+00	-1.46125e+01	

Index   time            v(2)            v(5)            
--------------------------------------------------------------------------------
1157	9.258694e-03	-5.64194e+00	-1.46125e+01	
1158	9.268694e-03	-5.81973e+00	-1.46124e+01	
1159	9.278694e-03	-5.99399e+00	-1.46124e+01	
1160	9.288694e-03	-6.16481e+00	-1.46124e+01	
1161	9.298694e-03	-6.33224e+00	-1.46124e+01	
1162	9.308694e-03	-6.49635e+00	-1.46123e+01	
1163	9.315512e-03	-6.60639e+00	-1.46120e+01	
1164	9.318843e-03	-6.65957e+00	-1.46104e+01	
1165	9.320786e-03	-6.69043e+00	-1.46075e+01	
1166	9.323248e-03	-6.72932e+00	-1.45978e+01	
1167	9.325698e-03	-6.76772e+00	-1.45631e+01	
1168	9.326913e-03	-6.78634e+00	-1.43074e+01	
1169	9.327433e-03	-6.79402e+00	-1.40601e+01	
1170	9.328190e-03	-6.80473e+00	-1.36930e+01	
1171	9.328572e-03	-6.80992e+00	-1.35091e+01	
1172	9.329083e-03	-6.81664e+00	-1.32613e+01	
1173	9.329635e-03	-6.82360e+00	-1.29944e+01	
1174	9.330290e-03	-6.83148e+00	-1.26768e+01	
1175	9.331498e-03	-6.84488e+00	-1.20914e+01	
1176	9.333269e-03	-6.86191e+00	-1.12313e+01	
1177	9.336793e-03	-6.88657e+00	-9.51567e+00	
1178	9.343518e-03	-6.89971e+00	-6.22429e+00	
1179	9.353518e-03	-6.83746e+00	-1.28751e+00	
1180	9.363518e-03	-6.67817e+00	3.700457e+00	
1181	9.373518e-03	-6.42276e+00	8.740033e+00	
1182	9.383518e-03	-6.07209e+00	1.383184e+01	
1183	9.390062e-03	-5.80823e+00	1.460960e+01	
1184	9.397924e-03	-5.48962e+00	1.461518e+01	
1185	9.403468e-03	-5.26795e+00	1.461455e+01	
1186	9.410445e-03	-4.99245e+00	1.461407e+01	
1187	9.420445e-03	-4.60420e+00	1.461407e+01	
1188	9.430445e-03	-4.22364e+00	1.461406e+01	
1189	9.440445e-03	-3.85062e+00	1.461406e+01	
1190	9.450445e-03	-3.48498e+00	1.461406e+01	
1191	9.460445e-03	-3.12658e+00	1.461406e+01	
1192	9.470445e-03	-2.77528e+00	1.461406e+01	
1193	9.480445e-03	-2.43094e+00	1.461406e+01	
1194	9.490445e-03	-2.09342e+00	1.461406e+01	
1195	9.500445e-03	-1.76257e+00	1.461406e+01	
1196	9.510445e-03	-1.43828e+00	1.461406e+01	
1197	9.520445e-03	-1.12042e+00	1.461406e+01	
1198	9.530445e-03	-8.08842e-01	1.461406e+01	
1199	9.540445e-03	-5.03438e-01	1.461406e+01	
1200	9.550445e-03	-2.04082e-01	1.461406e+01	
1201	9.560445e-03	8.934693e-02	1.461406e+01	
1202	9.570445e-03	3.769651e-01	1.461406e+01	
1203	9.580445e-03	6.588878e-01	1.461406e+01	
1204	9.590445e-03	9.352280e-01	1.461406e+01	
1205	9.600445e-03	1.206096e+00	1.461406e+01	
1206	9.610445e-03	1.471600e+00	1.461406e+01	
1207	9.620445e-03	1.731847e+00	1.461406e+01	
1208	9.630445e-03	1.986941e+00	1.461406e+01	
1209	9.640445e-03	2.236983e+00	1.461406e+01	
1210	9.650445e-03	2.482073e+00	1.461406e+01	
1211	9.660445e-03	2.722311e+00	1.461406e+01	
1212	9.670445e-03	2.957791e+00	1.461406e+01	
1213	9.680445e-03	3.188608e+00	1.461406e+01	
1214	9.690445e-03	3.414855e+00	1.461406e+01	

Index   time            v(2)            v(5)            
--------------------------------------------------------------------------------
1215	9.700445e-03	3.636621e+00	1.461406e+01	
1216	9.710445e-03	3.853996e+00	1.461406e+01	
1217	9.720445e-03	4.067067e+00	1.461406e+01	
1218	9.730445e-03	4.275918e+00	1.461406e+01	
1219	9.740445e-03	4.480634e+00	1.461406e+01	
1220	9.750445e-03	4.681296e+00	1.461406e+01	
1221	9.760445e-03	4.877985e+00	1.461406e+01	
1222	9.770445e-03	5.070778e+00	1.461406e+01	
1223	9.780445e-03	5.259754e+00	1.461406e+01	
1224	9.790445e-03	5.444988e+00	1.461406e+01	
1225	9.800445e-03	5.626554e+00	1.461406e+01	
1226	9.810445e-03	5.804524e+00	1.461406e+01	
1227	9.820445e-03	5.978971e+00	1.461406e+01	
1228	9.830445e-03	6.149963e+00	1.461406e+01	
1229	9.840445e-03	6.317569e+00	1.461406e+01	
1230	9.850445e-03	6.481855e+00	1.461406e+01	
1231	9.858601e-03	6.613443e+00	1.461349e+01	
1232	9.862153e-03	6.670046e+00	1.461105e+01	
1233	9.864212e-03	6.702679e+00	1.460648e+01	
1234	9.866555e-03	6.739571e+00	1.459325e+01	
1235	9.867795e-03	6.758993e+00	1.457792e+01	
1236	9.869862e-03	6.790236e+00	1.410177e+01	
1237	9.870546e-03	6.799991e+00	1.375065e+01	
1238	9.871411e-03	6.811605e+00	1.330282e+01	
1239	9.871935e-03	6.818254e+00	1.303319e+01	
1240	9.872585e-03	6.826095e+00	1.269751e+01	
1241	9.873252e-03	6.833680e+00	1.235357e+01	
1242	9.874039e-03	6.842027e+00	1.194739e+01	
1243	9.875229e-03	6.853420e+00	1.133286e+01	
1244	9.876868e-03	6.866666e+00	1.048701e+01	
1245	9.879645e-03	6.882702e+00	9.053795e+00	
1246	9.884246e-03	6.891636e+00	6.678854e+00	
1247	9.892126e-03	6.856392e+00	2.612871e+00	
1248	9.902126e-03	6.721144e+00	-2.54362e+00	
1249	9.912126e-03	6.486531e+00	-7.69355e+00	
1250	9.922126e-03	6.154675e+00	-1.28344e+01	
1251	9.929506e-03	5.863384e+00	-1.46006e+01	
1252	9.938417e-03	5.501596e+00	-1.46177e+01	
1253	9.945640e-03	5.212964e+00	-1.46143e+01	
1254	9.953415e-03	4.906889e+00	-1.46142e+01	
1255	9.962196e-03	4.566887e+00	-1.46139e+01	
1256	9.972196e-03	4.186908e+00	-1.46139e+01	
1257	9.982196e-03	3.814455e+00	-1.46138e+01	
1258	9.992196e-03	3.449379e+00	-1.46138e+01	
1259	1.000000e-02	3.169522e+00	-1.46137e+01	