                             astable multivibrator
                             Transient Analysis  Sat Feb  5 01:01:43  2022
--------------------------------------------------------------------------------
Index   time            v(5)            v(7)            
--------------------------------------------------------------------------------
0	0.000000e+00	5.244681e-03	5.050422e-03	
1	1.000000e-07	5.244681e-03	5.050422e-03	
2	2.000000e-07	5.244681e-03	5.050422e-03	
3	4.000000e-07	5.244681e-03	5.050422e-03	
4	8.000000e-07	5.244681e-03	5.050422e-03	
5	1.600000e-06	5.244681e-03	5.050422e-03	
6	3.200000e-06	5.244681e-03	5.050422e-03	
7	6.400000e-06	5.244681e-03	5.050422e-03	
8	1.280000e-05	5.244681e-03	5.050422e-03	
9	2.280000e-05	5.244681e-03	5.050422e-03	
10	3.280000e-05	5.244681e-03	5.050422e-03	
11	4.280000e-05	5.244681e-03	5.050422e-03	
12	5.280000e-05	5.244681e-03	5.050422e-03	
13	6.280000e-05	5.244681e-03	5.050422e-03	
14	7.280000e-05	5.244681e-03	5.050422e-03	
15	8.280000e-05	5.244681e-03	5.050422e-03	
16	9.280000e-05	5.244681e-03	5.050422e-03	
17	1.028000e-04	5.244681e-03	5.050422e-03	
18	1.128000e-04	5.244681e-03	5.050422e-03	
19	1.228000e-04	5.244681e-03	5.050422e-03	
20	1.328000e-04	5.244681e-03	5.050422e-03	
21	1.428000e-04	5.244681e-03	5.050422e-03	
22	1.528000e-04	5.244681e-03	5.050422e-03	
23	1.628000e-04	5.244680e-03	5.050422e-03	
24	1.728000e-04	5.244681e-03	5.050422e-03	
25	1.828000e-04	5.244680e-03	5.050422e-03	
26	1.928000e-04	5.244681e-03	5.050422e-03	
27	2.028000e-04	5.244680e-03	5.050422e-03	
28	2.128000e-04	5.244681e-03	5.050422e-03	
29	2.228000e-04	5.244680e-03	5.050422e-03	
30	2.328000e-04	5.244681e-03	5.050422e-03	
31	2.428000e-04	5.244680e-03	5.050421e-03	
32	2.528000e-04	5.244681e-03	5.050423e-03	
33	2.628000e-04	5.244680e-03	5.050421e-03	
34	2.728000e-04	5.244682e-03	5.050423e-03	
35	2.828000e-04	5.244679e-03	5.050421e-03	
36	2.928000e-04	5.244682e-03	5.050423e-03	
37	3.028000e-04	5.244679e-03	5.050420e-03	
38	3.128000e-04	5.244683e-03	5.050424e-03	
39	3.228000e-04	5.244678e-03	5.050420e-03	
40	3.328000e-04	5.244684e-03	5.050425e-03	
41	3.428000e-04	5.244677e-03	5.050419e-03	
42	3.528000e-04	5.244685e-03	5.050426e-03	
43	3.628000e-04	5.244675e-03	5.050417e-03	
44	3.728000e-04	5.244687e-03	5.050428e-03	
45	3.828000e-04	5.244673e-03	5.050415e-03	
46	3.928000e-04	5.244690e-03	5.050430e-03	
47	4.028000e-04	5.244669e-03	5.050412e-03	
48	4.128000e-04	5.244694e-03	5.050434e-03	
49	4.228000e-04	5.244664e-03	5.050407e-03	
50	4.328000e-04	5.244701e-03	5.050440e-03	
51	4.428000e-04	5.244656e-03	5.050400e-03	
52	4.528000e-04	5.244710e-03	5.050448e-03	
53	4.628000e-04	5.244645e-03	5.050390e-03	
54	4.728000e-04	5.244724e-03	5.050460e-03	

Index   time            v(5)            v(7)            
--------------------------------------------------------------------------------
55	4.828000e-04	5.244629e-03	5.050376e-03	
56	4.928000e-04	5.244743e-03	5.050478e-03	
57	5.028000e-04	5.244605e-03	5.050354e-03	
58	5.128000e-04	5.244772e-03	5.050504e-03	
59	5.228000e-04	5.244570e-03	5.050323e-03	
60	5.328000e-04	5.244814e-03	5.050542e-03	
61	5.428000e-04	5.244519e-03	5.050277e-03	
62	5.528000e-04	5.244876e-03	5.050597e-03	
63	5.628000e-04	5.244444e-03	5.050211e-03	
64	5.728000e-04	5.244966e-03	5.050677e-03	
65	5.828000e-04	5.244335e-03	5.050113e-03	
66	5.928000e-04	5.245098e-03	5.050795e-03	
67	6.028000e-04	5.244176e-03	5.049971e-03	
68	6.128000e-04	5.245290e-03	5.050967e-03	
69	6.228000e-04	5.243944e-03	5.049763e-03	
70	6.328000e-04	5.245571e-03	5.051219e-03	
71	6.428000e-04	5.243604e-03	5.049459e-03	
72	6.528000e-04	5.245982e-03	5.051586e-03	
73	6.628000e-04	5.243107e-03	5.049015e-03	
74	6.728000e-04	5.246582e-03	5.052122e-03	
75	6.828000e-04	5.242382e-03	5.048367e-03	
76	6.928000e-04	5.247459e-03	5.052906e-03	
77	7.028000e-04	5.241323e-03	5.047419e-03	
78	7.128000e-04	5.248739e-03	5.054051e-03	
79	7.228000e-04	5.239775e-03	5.046035e-03	
80	7.328000e-04	5.250611e-03	5.055725e-03	
81	7.428000e-04	5.237513e-03	5.044013e-03	
82	7.528000e-04	5.253344e-03	5.058169e-03	
83	7.628000e-04	5.234209e-03	5.041058e-03	
84	7.728000e-04	5.257338e-03	5.061740e-03	
85	7.828000e-04	5.229381e-03	5.036741e-03	
86	7.928000e-04	5.263173e-03	5.066958e-03	
87	8.028000e-04	5.222328e-03	5.030434e-03	
88	8.128000e-04	5.271699e-03	5.074581e-03	
89	8.228000e-04	5.212024e-03	5.021220e-03	
90	8.328000e-04	5.284154e-03	5.085719e-03	
91	8.427249e-04	5.196900e-03	5.007696e-03	
92	8.517751e-04	5.303603e-03	5.103110e-03	
93	8.587728e-04	5.167361e-03	4.981282e-03	
94	8.638282e-04	5.357553e-03	5.151352e-03	
95	8.669922e-04	5.035679e-03	4.863532e-03	
96	8.679950e-04	1.231001e-02	1.136834e-02	
97	8.684274e-04	2.420715e-02	2.200830e-02	
98	8.686814e-04	3.809654e-02	3.443334e-02	
99	8.689145e-04	5.940008e-02	5.350689e-02	
100	8.691733e-04	9.891681e-02	8.899166e-02	
101	8.694237e-04	1.603871e-01	1.446050e-01	
102	8.696552e-04	2.417208e-01	2.193077e-01	
103	8.698553e-04	3.285010e-01	3.006165e-01	
104	8.700801e-04	4.359199e-01	4.030878e-01	
105	8.702904e-04	5.398742e-01	5.031602e-01	
106	8.705798e-04	6.838398e-01	6.417269e-01	
107	8.708725e-04	8.295805e-01	7.801435e-01	
108	8.712303e-04	1.007628e+00	9.458786e-01	
109	8.716431e-04	1.213325e+00	1.141605e+00	
110	8.719832e-04	1.382974e+00	1.306028e+00	
111	8.724938e-04	1.637844e+00	1.553383e+00	
112	8.729881e-04	1.884676e+00	1.792795e+00	

Index   time            v(5)            v(7)            
--------------------------------------------------------------------------------
113	8.739766e-04	2.378690e+00	2.271678e+00	
114	8.759536e-04	3.368132e+00	3.229907e+00	
115	8.774185e-04	4.102438e+00	3.940464e+00	
116	8.783838e-04	4.586933e+00	4.409320e+00	
117	8.790408e-04	4.916924e+00	4.728117e+00	
118	8.794864e-04	5.139882e+00	4.923928e+00	
119	8.799035e-04	5.345163e+00	5.033835e+00	
120	8.803216e-04	5.548675e+00	5.096193e+00	
121	8.808516e-04	5.805496e+00	5.149841e+00	
122	8.813433e-04	6.043083e+00	5.185819e+00	
123	8.823265e-04	6.517610e+00	5.243428e+00	
124	8.842931e-04	7.465399e+00	5.330018e+00	
125	8.882262e-04	9.359525e+00	5.467258e+00	
126	8.952768e-04	1.275370e+01	5.674193e+00	
127	8.990691e-04	1.451879e+01	5.774186e+00	
128	9.019878e-04	1.460271e+01	5.778821e+00	
129	9.046808e-04	1.461081e+01	5.779414e+00	
130	9.075517e-04	1.461311e+01	5.779465e+00	
131	9.126455e-04	1.461372e+01	5.779679e+00	
132	9.190539e-04	1.461360e+01	5.779627e+00	
133	9.283808e-04	1.461358e+01	5.779858e+00	
134	9.383808e-04	1.461358e+01	5.779849e+00	
135	9.483808e-04	1.461358e+01	5.780087e+00	
136	9.583808e-04	1.461358e+01	5.780071e+00	
137	9.683808e-04	1.461358e+01	5.780308e+00	
138	9.783808e-04	1.461358e+01	5.780284e+00	
139	9.883808e-04	1.461358e+01	5.780519e+00	
140	9.983808e-04	1.461358e+01	5.780488e+00	
141	1.008381e-03	1.461358e+01	5.780722e+00	
142	1.018381e-03	1.461358e+01	5.780685e+00	
143	1.028381e-03	1.461358e+01	5.780918e+00	
144	1.038381e-03	1.461358e+01	5.780874e+00	
145	1.048381e-03	1.461358e+01	5.781105e+00	
146	1.058381e-03	1.461358e+01	5.781056e+00	
147	1.068381e-03	1.461358e+01	5.781285e+00	
148	1.078381e-03	1.461358e+01	5.781230e+00	
149	1.088381e-03	1.461358e+01	5.781459e+00	
150	1.098381e-03	1.461358e+01	5.781398e+00	
151	1.108381e-03	1.461358e+01	5.781625e+00	
152	1.118381e-03	1.461358e+01	5.781559e+00	
153	1.128381e-03	1.461358e+01	5.781785e+00	
154	1.138381e-03	1.461358e+01	5.781714e+00	
155	1.148381e-03	1.461357e+01	5.781938e+00	
156	1.158381e-03	1.461346e+01	5.781856e+00	
157	1.168381e-03	1.461219e+01	5.782008e+00	
158	1.173406e-03	1.460961e+01	5.781749e+00	
159	1.178952e-03	1.460204e+01	5.781520e+00	
160	1.184183e-03	1.458409e+01	5.780403e+00	
161	1.189773e-03	1.415044e+01	5.756368e+00	
162	1.192654e-03	1.330521e+01	5.708504e+00	
163	1.194277e-03	1.264600e+01	5.670859e+00	
164	1.196911e-03	1.144235e+01	5.600151e+00	
165	1.198918e-03	1.048223e+01	5.541997e+00	
166	1.201112e-03	9.424056e+00	5.474784e+00	
167	1.204338e-03	7.865190e+00	5.366962e+00	
168	1.209286e-03	5.468033e+00	5.094981e+00	
169	1.213123e-03	3.542664e+00	3.491059e+00	
170	1.214821e-03	2.685199e+00	2.658747e+00	

Index   time            v(5)            v(7)            
--------------------------------------------------------------------------------
171	1.216431e-03	1.872187e+00	1.877199e+00	
172	1.218059e-03	1.049713e+00	1.079165e+00	
173	1.221316e-03	-5.94460e-01	-5.05808e-01	
174	1.227829e-03	-3.88216e+00	-3.68541e+00	
175	1.230186e-03	-5.07028e+00	-4.81325e+00	
176	1.232402e-03	-6.15494e+00	-5.19421e+00	
177	1.234810e-03	-7.31900e+00	-5.31334e+00	
178	1.237157e-03	-8.45167e+00	-5.40105e+00	
179	1.240812e-03	-1.02145e+01	-5.51820e+00	
180	1.246595e-03	-1.30012e+01	-5.68510e+00	
181	1.249989e-03	-1.45334e+01	-5.77187e+00	
182	1.252717e-03	-1.46011e+01	-5.77599e+00	
183	1.255290e-03	-1.46093e+01	-5.77623e+00	
184	1.257996e-03	-1.46125e+01	-5.77672e+00	
185	1.262746e-03	-1.46138e+01	-5.77663e+00	
186	1.268211e-03	-1.46136e+01	-5.77695e+00	
187	1.276240e-03	-1.46135e+01	-5.77685e+00	
188	1.286240e-03	-1.46135e+01	-5.77726e+00	
189	1.296240e-03	-1.46135e+01	-5.77719e+00	
190	1.306240e-03	-1.46135e+01	-5.77759e+00	
191	1.316240e-03	-1.46134e+01	-5.77751e+00	
192	1.326240e-03	-1.46134e+01	-5.77790e+00	
193	1.336240e-03	-1.46134e+01	-5.77783e+00	
194	1.346240e-03	-1.46134e+01	-5.77820e+00	
195	1.356240e-03	-1.46134e+01	-5.77813e+00	
196	1.366240e-03	-1.46134e+01	-5.77849e+00	
197	1.376240e-03	-1.46133e+01	-5.77842e+00	
198	1.386240e-03	-1.46133e+01	-5.77877e+00	
199	1.396240e-03	-1.46133e+01	-5.77869e+00	
200	1.406240e-03	-1.46133e+01	-5.77904e+00	
201	1.416240e-03	-1.46133e+01	-5.77896e+00	
202	1.426240e-03	-1.46133e+01	-5.77930e+00	
203	1.436240e-03	-1.46132e+01	-5.77922e+00	
204	1.446240e-03	-1.46132e+01	-5.77955e+00	
205	1.456240e-03	-1.46132e+01	-5.77946e+00	
206	1.466240e-03	-1.46132e+01	-5.77979e+00	
207	1.476240e-03	-1.46132e+01	-5.77970e+00	
208	1.486240e-03	-1.46132e+01	-5.78002e+00	
209	1.496240e-03	-1.46131e+01	-5.77993e+00	
210	1.506240e-03	-1.46131e+01	-5.78023e+00	
211	1.516240e-03	-1.46131e+01	-5.78014e+00	
212	1.526240e-03	-1.46131e+01	-5.78045e+00	
213	1.536240e-03	-1.46131e+01	-5.78035e+00	
214	1.546240e-03	-1.46131e+01	-5.78065e+00	
215	1.556240e-03	-1.46131e+01	-5.78055e+00	
216	1.566240e-03	-1.46131e+01	-5.78084e+00	
217	1.576240e-03	-1.46130e+01	-5.78075e+00	
218	1.586240e-03	-1.46130e+01	-5.78103e+00	
219	1.596240e-03	-1.46130e+01	-5.78093e+00	
220	1.606240e-03	-1.46130e+01	-5.78121e+00	
221	1.616240e-03	-1.46130e+01	-5.78111e+00	
222	1.626240e-03	-1.46130e+01	-5.78138e+00	
223	1.636240e-03	-1.46130e+01	-5.78128e+00	
224	1.646240e-03	-1.46130e+01	-5.78155e+00	
225	1.656240e-03	-1.46129e+01	-5.78145e+00	
226	1.666240e-03	-1.46129e+01	-5.78171e+00	
227	1.676240e-03	-1.46129e+01	-5.78161e+00	
228	1.686240e-03	-1.46129e+01	-5.78186e+00	

Index   time            v(5)            v(7)            
--------------------------------------------------------------------------------
229	1.696240e-03	-1.46129e+01	-5.78176e+00	
230	1.706240e-03	-1.46127e+01	-5.78200e+00	
231	1.715141e-03	-1.46112e+01	-5.78181e+00	
232	1.719893e-03	-1.46085e+01	-5.78186e+00	
233	1.725709e-03	-1.45994e+01	-5.78122e+00	
234	1.730109e-03	-1.45829e+01	-5.78051e+00	
235	1.734920e-03	-1.43928e+01	-5.76977e+00	
236	1.738823e-03	-1.33712e+01	-5.71244e+00	
237	1.740611e-03	-1.26543e+01	-5.67120e+00	
238	1.742927e-03	-1.16167e+01	-5.61069e+00	
239	1.744768e-03	-1.07600e+01	-5.55888e+00	
240	1.746772e-03	-9.81923e+00	-5.50044e+00	
241	1.750781e-03	-7.93220e+00	-5.37205e+00	
242	1.754461e-03	-6.19668e+00	-5.21552e+00	
243	1.757604e-03	-4.69027e+00	-4.59304e+00	
244	1.759312e-03	-3.84804e+00	-3.78886e+00	
245	1.760462e-03	-3.27974e+00	-3.23172e+00	
246	1.761562e-03	-2.73600e+00	-2.71386e+00	
247	1.763762e-03	-1.64574e+00	-1.65389e+00	
248	1.766019e-03	-5.25916e-01	-5.78620e-01	
249	1.770532e-03	1.722180e+00	1.599361e+00	
250	1.776636e-03	4.778756e+00	4.545914e+00	
251	1.779340e-03	6.105590e+00	5.188077e+00	
252	1.782068e-03	7.420785e+00	5.321685e+00	
253	1.784660e-03	8.669323e+00	5.416786e+00	
254	1.787888e-03	1.022360e+01	5.520069e+00	
255	1.792757e-03	1.256733e+01	5.662062e+00	
256	1.796693e-03	1.445640e+01	5.767314e+00	
257	1.799796e-03	1.460113e+01	5.776209e+00	
258	1.803005e-03	1.461089e+01	5.776097e+00	
259	1.806011e-03	1.461349e+01	5.777001e+00	
260	1.811401e-03	1.461391e+01	5.776423e+00	
261	1.817838e-03	1.461360e+01	5.777213e+00	
262	1.827838e-03	1.461358e+01	5.776693e+00	
263	1.837838e-03	1.461358e+01	5.777553e+00	
264	1.847838e-03	1.461358e+01	5.777030e+00	
265	1.857838e-03	1.461358e+01	5.777880e+00	
266	1.867838e-03	1.461358e+01	5.777355e+00	
267	1.877838e-03	1.461358e+01	5.778195e+00	
268	1.887838e-03	1.461358e+01	5.777667e+00	
269	1.897838e-03	1.461358e+01	5.778497e+00	
270	1.907838e-03	1.461358e+01	5.777967e+00	
271	1.917838e-03	1.461358e+01	5.778787e+00	
272	1.927838e-03	1.461358e+01	5.778255e+00	
273	1.937838e-03	1.461358e+01	5.779066e+00	
274	1.947838e-03	1.461358e+01	5.778532e+00	
275	1.957838e-03	1.461358e+01	5.779334e+00	
276	1.967838e-03	1.461358e+01	5.778797e+00	
277	1.977838e-03	1.461358e+01	5.779591e+00	
278	1.987838e-03	1.461358e+01	5.779053e+00	
279	1.997838e-03	1.461358e+01	5.779839e+00	
280	2.007838e-03	1.461358e+01	5.779298e+00	
281	2.017838e-03	1.461358e+01	5.780076e+00	
282	2.027838e-03	1.461358e+01	5.779534e+00	
283	2.037838e-03	1.461358e+01	5.780304e+00	
284	2.047838e-03	1.461358e+01	5.779761e+00	
285	2.057838e-03	1.461358e+01	5.780523e+00	
286	2.067838e-03	1.461358e+01	5.779979e+00	

Index   time            v(5)            v(7)            
--------------------------------------------------------------------------------
287	2.077838e-03	1.461358e+01	5.780734e+00	
288	2.087838e-03	1.461358e+01	5.780188e+00	
289	2.097838e-03	1.461358e+01	5.780936e+00	
290	2.107838e-03	1.461358e+01	5.780389e+00	
291	2.117838e-03	1.461358e+01	5.781131e+00	
292	2.127838e-03	1.461358e+01	5.780582e+00	
293	2.137838e-03	1.461358e+01	5.781317e+00	
294	2.147838e-03	1.461358e+01	5.780768e+00	
295	2.157838e-03	1.461358e+01	5.781497e+00	
296	2.167838e-03	1.461358e+01	5.780946e+00	
297	2.177838e-03	1.461358e+01	5.781669e+00	
298	2.187838e-03	1.461358e+01	5.781118e+00	
299	2.197838e-03	1.461358e+01	5.781835e+00	
300	2.207838e-03	1.461358e+01	5.781282e+00	
301	2.217838e-03	1.461358e+01	5.781994e+00	
302	2.227838e-03	1.461358e+01	5.781440e+00	
303	2.237838e-03	1.461358e+01	5.782146e+00	
304	2.247838e-03	1.461354e+01	5.781590e+00	
305	2.257838e-03	1.461306e+01	5.782264e+00	
306	2.264213e-03	1.461145e+01	5.781594e+00	
307	2.268965e-03	1.460782e+01	5.782050e+00	
308	2.275116e-03	1.459566e+01	5.780795e+00	
309	2.283080e-03	1.414301e+01	5.756172e+00	
310	2.286425e-03	1.316106e+01	5.700049e+00	
311	2.288222e-03	1.240983e+01	5.657420e+00	
312	2.291078e-03	1.108420e+01	5.578450e+00	
313	2.292953e-03	1.018382e+01	5.523669e+00	
314	2.295197e-03	9.100452e+00	5.453191e+00	
315	2.299299e-03	7.117791e+00	5.306731e+00	
316	2.303053e-03	5.295892e+00	5.041909e+00	
317	2.306821e-03	3.400392e+00	3.358556e+00	
318	2.308675e-03	2.463141e+00	2.439664e+00	
319	2.310435e-03	1.575306e+00	1.594784e+00	
320	2.312308e-03	6.289647e-01	6.686389e-01	
321	2.316053e-03	-1.26155e+00	-1.14626e+00	
322	2.320939e-03	-3.72795e+00	-3.54025e+00	
323	2.323170e-03	-4.85276e+00	-4.60855e+00	
324	2.324403e-03	-5.46747e+00	-5.05868e+00	
325	2.325189e-03	-5.85025e+00	-5.14690e+00	
326	2.326028e-03	-6.25687e+00	-5.20810e+00	
327	2.327318e-03	-6.88044e+00	-5.27370e+00	
328	2.329277e-03	-7.82638e+00	-5.35493e+00	
329	2.333067e-03	-9.65515e+00	-5.48217e+00	
330	2.338596e-03	-1.23199e+01	-5.64604e+00	
331	2.342759e-03	-1.43247e+01	-5.76022e+00	
332	2.345372e-03	-1.45950e+01	-5.77601e+00	
333	2.348441e-03	-1.46103e+01	-5.77591e+00	
334	2.351482e-03	-1.46122e+01	-5.77707e+00	
335	2.355806e-03	-1.46133e+01	-5.77622e+00	
336	2.361765e-03	-1.46136e+01	-5.77733e+00	
337	2.371765e-03	-1.46135e+01	-5.77651e+00	
338	2.381765e-03	-1.46135e+01	-5.77767e+00	
339	2.391765e-03	-1.46135e+01	-5.77685e+00	
340	2.401765e-03	-1.46135e+01	-5.77800e+00	
341	2.411765e-03	-1.46134e+01	-5.77717e+00	
342	2.421765e-03	-1.46134e+01	-5.77831e+00	
343	2.431765e-03	-1.46134e+01	-5.77748e+00	
344	2.441765e-03	-1.46134e+01	-5.77861e+00	

Index   time            v(5)            v(7)            
--------------------------------------------------------------------------------
345	2.451765e-03	-1.46134e+01	-5.77778e+00	
346	2.461765e-03	-1.46134e+01	-5.77890e+00	
347	2.471765e-03	-1.46133e+01	-5.77807e+00	
348	2.481765e-03	-1.46133e+01	-5.77918e+00	
349	2.491765e-03	-1.46133e+01	-5.77835e+00	
350	2.501765e-03	-1.46133e+01	-5.77945e+00	
351	2.511765e-03	-1.46133e+01	-5.77861e+00	
352	2.521765e-03	-1.46132e+01	-5.77970e+00	
353	2.531765e-03	-1.46132e+01	-5.77887e+00	
354	2.541765e-03	-1.46132e+01	-5.77995e+00	
355	2.551765e-03	-1.46132e+01	-5.77911e+00	
356	2.561765e-03	-1.46132e+01	-5.78019e+00	
357	2.571765e-03	-1.46132e+01	-5.77935e+00	
358	2.581765e-03	-1.46132e+01	-5.78042e+00	
359	2.591765e-03	-1.46131e+01	-5.77957e+00	
360	2.601765e-03	-1.46131e+01	-5.78063e+00	
361	2.611765e-03	-1.46131e+01	-5.77979e+00	
362	2.621765e-03	-1.46131e+01	-5.78084e+00	
363	2.631765e-03	-1.46131e+01	-5.78000e+00	
364	2.641765e-03	-1.46131e+01	-5.78105e+00	
365	2.651765e-03	-1.46131e+01	-5.78020e+00	
366	2.661765e-03	-1.46130e+01	-5.78124e+00	
367	2.671765e-03	-1.46130e+01	-5.78039e+00	
368	2.681765e-03	-1.46130e+01	-5.78143e+00	
369	2.691765e-03	-1.46130e+01	-5.78058e+00	
370	2.701765e-03	-1.46130e+01	-5.78160e+00	
371	2.711765e-03	-1.46130e+01	-5.78076e+00	
372	2.721765e-03	-1.46130e+01	-5.78178e+00	
373	2.731765e-03	-1.46130e+01	-5.78093e+00	
374	2.741765e-03	-1.46130e+01	-5.78194e+00	
375	2.751765e-03	-1.46129e+01	-5.78109e+00	
376	2.761765e-03	-1.46129e+01	-5.78210e+00	
377	2.771765e-03	-1.46129e+01	-5.78125e+00	
378	2.781765e-03	-1.46129e+01	-5.78225e+00	
379	2.791765e-03	-1.46129e+01	-5.78140e+00	
380	2.801765e-03	-1.46126e+01	-5.78238e+00	
381	2.809002e-03	-1.46111e+01	-5.78143e+00	
382	2.813733e-03	-1.46080e+01	-5.78221e+00	
383	2.820223e-03	-1.45962e+01	-5.78068e+00	
384	2.823935e-03	-1.45798e+01	-5.78071e+00	
385	2.827820e-03	-1.44907e+01	-5.77486e+00	
386	2.830604e-03	-1.39235e+01	-5.74405e+00	
387	2.832772e-03	-1.31861e+01	-5.70137e+00	
388	2.834395e-03	-1.25065e+01	-5.66320e+00	
389	2.836186e-03	-1.17000e+01	-5.61501e+00	
390	2.838691e-03	-1.05352e+01	-5.54571e+00	
391	2.841018e-03	-9.44188e+00	-5.47553e+00	
392	2.844706e-03	-7.70477e+00	-5.35551e+00	
393	2.849113e-03	-5.62447e+00	-5.12808e+00	
394	2.852325e-03	-4.06051e+00	-3.99801e+00	
395	2.853853e-03	-3.30504e+00	-3.25176e+00	
396	2.855308e-03	-2.58600e+00	-2.57251e+00	
397	2.856737e-03	-1.87769e+00	-1.87419e+00	
398	2.859118e-03	-6.96945e-01	-7.46866e-01	
399	2.861976e-03	7.260174e-01	6.404192e-01	
400	2.866478e-03	2.973334e+00	2.799221e+00	
401	2.869125e-03	4.300480e+00	4.093189e+00	
402	2.870852e-03	5.166051e+00	4.895562e+00	

Index   time            v(5)            v(7)            
--------------------------------------------------------------------------------
403	2.872442e-03	5.941428e+00	5.163965e+00	
404	2.874340e-03	6.857131e+00	5.271278e+00	
405	2.876234e-03	7.769478e+00	5.350598e+00	
406	2.879443e-03	9.314752e+00	5.459801e+00	
407	2.883084e-03	1.106790e+01	5.572524e+00	
408	2.887978e-03	1.342375e+01	5.710157e+00	
409	2.891456e-03	1.457565e+01	5.774672e+00	
410	2.895965e-03	1.461147e+01	5.776191e+00	
411	2.898928e-03	1.461343e+01	5.776920e+00	
412	2.902496e-03	1.461341e+01	5.776419e+00	
413	2.908011e-03	1.461357e+01	5.777088e+00	
414	2.918011e-03	1.461359e+01	5.776701e+00	
415	2.928011e-03	1.461358e+01	5.777433e+00	
416	2.938011e-03	1.461358e+01	5.777039e+00	
417	2.948011e-03	1.461358e+01	5.777764e+00	
418	2.958011e-03	1.461358e+01	5.777365e+00	
419	2.968011e-03	1.461358e+01	5.778082e+00	
420	2.978011e-03	1.461358e+01	5.777677e+00	
421	2.988011e-03	1.461358e+01	5.778388e+00	
422	2.998011e-03	1.461358e+01	5.777978e+00	
423	3.008011e-03	1.461358e+01	5.778681e+00	
424	3.018011e-03	1.461358e+01	5.778267e+00	
425	3.028011e-03	1.461358e+01	5.778963e+00	
426	3.038011e-03	1.461358e+01	5.778544e+00	
427	3.048011e-03	1.461358e+01	5.779234e+00	
428	3.058011e-03	1.461358e+01	5.778810e+00	
429	3.068011e-03	1.461358e+01	5.779494e+00	
430	3.078011e-03	1.461358e+01	5.779066e+00	
431	3.088011e-03	1.461358e+01	5.779744e+00	
432	3.098011e-03	1.461358e+01	5.779312e+00	
433	3.108011e-03	1.461358e+01	5.779984e+00	
434	3.118011e-03	1.461358e+01	5.779549e+00	
435	3.128011e-03	1.461358e+01	5.780215e+00	
436	3.138011e-03	1.461358e+01	5.779776e+00	
437	3.148011e-03	1.461358e+01	5.780437e+00	
438	3.158011e-03	1.461358e+01	5.779994e+00	
439	3.168011e-03	1.461358e+01	5.780650e+00	
440	3.178011e-03	1.461358e+01	5.780204e+00	
441	3.188011e-03	1.461358e+01	5.780854e+00	
442	3.198011e-03	1.461358e+01	5.780405e+00	
443	3.208011e-03	1.461358e+01	5.781051e+00	
444	3.218011e-03	1.461358e+01	5.780599e+00	
445	3.228011e-03	1.461358e+01	5.781239e+00	
446	3.238011e-03	1.461358e+01	5.780785e+00	
447	3.248011e-03	1.461358e+01	5.781421e+00	
448	3.258011e-03	1.461358e+01	5.780964e+00	
449	3.268011e-03	1.461358e+01	5.781595e+00	
450	3.278011e-03	1.461358e+01	5.781136e+00	
451	3.288011e-03	1.461358e+01	5.781762e+00	
452	3.298011e-03	1.461358e+01	5.781301e+00	
453	3.308011e-03	1.461358e+01	5.781923e+00	
454	3.318011e-03	1.461358e+01	5.781459e+00	
455	3.328011e-03	1.461358e+01	5.782078e+00	
456	3.338011e-03	1.461356e+01	5.781611e+00	
457	3.348011e-03	1.461335e+01	5.782213e+00	
458	3.356420e-03	1.461191e+01	5.781654e+00	
459	3.361203e-03	1.460905e+01	5.782068e+00	
460	3.367054e-03	1.459986e+01	5.781060e+00	

Index   time            v(5)            v(7)            
--------------------------------------------------------------------------------
461	3.371174e-03	1.458479e+01	5.780787e+00	
462	3.375791e-03	1.449174e+01	5.775097e+00	
463	3.378729e-03	1.387083e+01	5.740899e+00	
464	3.380924e-03	1.308936e+01	5.696032e+00	
465	3.382556e-03	1.237954e+01	5.655649e+00	
466	3.384358e-03	1.154142e+01	5.605779e+00	
467	3.386644e-03	1.044827e+01	5.540137e+00	
468	3.389133e-03	9.247807e+00	5.463008e+00	
469	3.392651e-03	7.547204e+00	5.343173e+00	
470	3.397700e-03	5.094969e+00	4.942885e+00	
471	3.401546e-03	3.155055e+00	3.122089e+00	
472	3.403813e-03	2.009632e+00	2.001170e+00	
473	3.405968e-03	9.219936e-01	9.643067e-01	
474	3.408081e-03	-1.45650e-01	-8.01430e-02	
475	3.412307e-03	-2.27851e+00	-2.12811e+00	
476	3.415014e-03	-3.64543e+00	-3.46085e+00	
477	3.417116e-03	-4.70497e+00	-4.46880e+00	
478	3.417923e-03	-5.11177e+00	-4.84876e+00	
479	3.418657e-03	-5.47469e+00	-5.05783e+00	
480	3.419341e-03	-5.80779e+00	-5.14142e+00	
481	3.420103e-03	-6.17712e+00	-5.19616e+00	
482	3.420790e-03	-6.50946e+00	-5.23797e+00	
483	3.422163e-03	-7.17304e+00	-5.30014e+00	
484	3.423787e-03	-7.95749e+00	-5.36580e+00	
485	3.425858e-03	-8.95670e+00	-5.43641e+00	
486	3.429277e-03	-1.06051e+01	-5.54413e+00	
487	3.436113e-03	-1.38989e+01	-5.73576e+00	
488	3.439463e-03	-1.45906e+01	-5.77577e+00	
489	3.443981e-03	-1.46126e+01	-5.77605e+00	
490	3.447334e-03	-1.46132e+01	-5.77717e+00	
491	3.451354e-03	-1.46134e+01	-5.77623e+00	
492	3.457589e-03	-1.46135e+01	-5.77737e+00	
493	3.467589e-03	-1.46135e+01	-5.77652e+00	
494	3.477589e-03	-1.46135e+01	-5.77771e+00	
495	3.487589e-03	-1.46135e+01	-5.77685e+00	
496	3.497589e-03	-1.46135e+01	-5.77804e+00	
497	3.507589e-03	-1.46134e+01	-5.77718e+00	
498	3.517589e-03	-1.46134e+01	-5.77835e+00	
499	3.527589e-03	-1.46134e+01	-5.77749e+00	
500	3.537589e-03	-1.46134e+01	-5.77865e+00	
501	3.547589e-03	-1.46134e+01	-5.77778e+00	
502	3.557589e-03	-1.46133e+01	-5.77894e+00	
503	3.567589e-03	-1.46133e+01	-5.77807e+00	
504	3.577589e-03	-1.46133e+01	-5.77922e+00	
505	3.587589e-03	-1.46133e+01	-5.77834e+00	
506	3.597589e-03	-1.46133e+01	-5.77949e+00	
507	3.607589e-03	-1.46133e+01	-5.77861e+00	
508	3.617589e-03	-1.46132e+01	-5.77974e+00	
509	3.627589e-03	-1.46132e+01	-5.77886e+00	
510	3.637589e-03	-1.46132e+01	-5.77999e+00	
511	3.647589e-03	-1.46132e+01	-5.77910e+00	
512	3.657589e-03	-1.46132e+01	-5.78023e+00	
513	3.667589e-03	-1.46132e+01	-5.77934e+00	
514	3.677589e-03	-1.46132e+01	-5.78046e+00	
515	3.687589e-03	-1.46131e+01	-5.77956e+00	
516	3.697589e-03	-1.46131e+01	-5.78068e+00	
517	3.707589e-03	-1.46131e+01	-5.77978e+00	
518	3.717589e-03	-1.46131e+01	-5.78089e+00	

Index   time            v(5)            v(7)            
--------------------------------------------------------------------------------
519	3.727589e-03	-1.46131e+01	-5.77999e+00	
520	3.737589e-03	-1.46131e+01	-5.78109e+00	
521	3.747589e-03	-1.46131e+01	-5.78019e+00	
522	3.757589e-03	-1.46130e+01	-5.78128e+00	
523	3.767589e-03	-1.46130e+01	-5.78038e+00	
524	3.777589e-03	-1.46130e+01	-5.78147e+00	
525	3.787589e-03	-1.46130e+01	-5.78056e+00	
526	3.797589e-03	-1.46130e+01	-5.78165e+00	
527	3.807589e-03	-1.46130e+01	-5.78074e+00	
528	3.817589e-03	-1.46130e+01	-5.78182e+00	
529	3.827589e-03	-1.46130e+01	-5.78091e+00	
530	3.837589e-03	-1.46130e+01	-5.78198e+00	
531	3.847589e-03	-1.46129e+01	-5.78107e+00	
532	3.857589e-03	-1.46129e+01	-5.78214e+00	
533	3.867589e-03	-1.46129e+01	-5.78123e+00	
534	3.877589e-03	-1.46129e+01	-5.78229e+00	
535	3.887589e-03	-1.46129e+01	-5.78138e+00	
536	3.897589e-03	-1.46124e+01	-5.78241e+00	
537	3.904088e-03	-1.46108e+01	-5.78139e+00	
538	3.908829e-03	-1.46073e+01	-5.78221e+00	
539	3.915081e-03	-1.45951e+01	-5.78059e+00	
540	3.918708e-03	-1.45779e+01	-5.78064e+00	
541	3.922276e-03	-1.44968e+01	-5.77517e+00	
542	3.924888e-03	-1.39869e+01	-5.74766e+00	
543	3.927123e-03	-1.32482e+01	-5.70488e+00	
544	3.928711e-03	-1.25911e+01	-5.66814e+00	
545	3.930480e-03	-1.17990e+01	-5.62083e+00	
546	3.932639e-03	-1.07979e+01	-5.56184e+00	
547	3.935036e-03	-9.67266e+00	-5.49043e+00	
548	3.938506e-03	-8.03875e+00	-5.38039e+00	
549	3.942415e-03	-6.19530e+00	-5.21419e+00	
550	3.945430e-03	-4.75258e+00	-4.66199e+00	
551	3.947101e-03	-3.92785e+00	-3.85732e+00	
552	3.948335e-03	-3.31894e+00	-3.27737e+00	
553	3.949562e-03	-2.71174e+00	-2.68336e+00	
554	3.951297e-03	-1.85271e+00	-1.86046e+00	
555	3.953852e-03	-5.84297e-01	-6.28676e-01	
556	3.957656e-03	1.309047e+00	1.194089e+00	
557	3.965263e-03	5.117529e+00	4.866080e+00	
558	3.968440e-03	6.659712e+00	5.252941e+00	
559	3.971353e-03	8.063300e+00	5.372366e+00	
560	3.975877e-03	1.024145e+01	5.520701e+00	
561	3.980690e-03	1.255867e+01	5.659194e+00	
562	3.984376e-03	1.433268e+01	5.761078e+00	
563	3.986922e-03	1.459400e+01	5.775250e+00	
564	3.989889e-03	1.460965e+01	5.776547e+00	
565	3.993100e-03	1.461225e+01	5.776376e+00	
566	3.996628e-03	1.461325e+01	5.776876e+00	
567	4.003135e-03	1.461364e+01	5.776630e+00	
568	4.009892e-03	1.461359e+01	5.777131e+00	
569	4.019892e-03	1.461358e+01	5.776913e+00	
570	4.029892e-03	1.461358e+01	5.777472e+00	
571	4.039892e-03	1.461358e+01	5.777244e+00	
572	4.049892e-03	1.461358e+01	5.777800e+00	
573	4.059892e-03	1.461358e+01	5.777563e+00	
574	4.069892e-03	1.461358e+01	5.778116e+00	
575	4.079892e-03	1.461358e+01	5.777869e+00	
576	4.089892e-03	1.461358e+01	5.778419e+00	

Index   time            v(5)            v(7)            
--------------------------------------------------------------------------------
577	4.099892e-03	1.461358e+01	5.778163e+00	
578	4.109892e-03	1.461358e+01	5.778710e+00	
579	4.119892e-03	1.461358e+01	5.778446e+00	
580	4.129892e-03	1.461358e+01	5.778989e+00	
581	4.139892e-03	1.461358e+01	5.778717e+00	
582	4.149892e-03	1.461358e+01	5.779258e+00	
583	4.159892e-03	1.461358e+01	5.778978e+00	
584	4.169892e-03	1.461358e+01	5.779516e+00	
585	4.179892e-03	1.461358e+01	5.779229e+00	
586	4.189892e-03	1.461358e+01	5.779764e+00	
587	4.199892e-03	1.461358e+01	5.779470e+00	
588	4.209892e-03	1.461358e+01	5.780002e+00	
589	4.219892e-03	1.461358e+01	5.779701e+00	
590	4.229892e-03	1.461358e+01	5.780231e+00	
591	4.239892e-03	1.461358e+01	5.779923e+00	
592	4.249892e-03	1.461358e+01	5.780451e+00	
593	4.259892e-03	1.461358e+01	5.780137e+00	
594	4.269892e-03	1.461358e+01	5.780662e+00	
595	4.279892e-03	1.461358e+01	5.780342e+00	
596	4.289892e-03	1.461358e+01	5.780865e+00	
597	4.299892e-03	1.461358e+01	5.780540e+00	
598	4.309892e-03	1.461358e+01	5.781060e+00	
599	4.319892e-03	1.461358e+01	5.780729e+00	
600	4.329892e-03	1.461358e+01	5.781247e+00	
601	4.339892e-03	1.461358e+01	5.780911e+00	
602	4.349892e-03	1.461358e+01	5.781427e+00	
603	4.359892e-03	1.461358e+01	5.781086e+00	
604	4.369892e-03	1.461358e+01	5.781599e+00	
605	4.379892e-03	1.461358e+01	5.781254e+00	
606	4.389892e-03	1.461358e+01	5.781765e+00	
607	4.399892e-03	1.461358e+01	5.781416e+00	
608	4.409892e-03	1.461358e+01	5.781925e+00	
609	4.419892e-03	1.461358e+01	5.781571e+00	
610	4.429892e-03	1.461357e+01	5.782078e+00	
611	4.439892e-03	1.461346e+01	5.781714e+00	
612	4.449892e-03	1.461224e+01	5.782151e+00	
613	4.454937e-03	1.460974e+01	5.781615e+00	
614	4.460508e-03	1.460231e+01	5.781675e+00	
615	4.466504e-03	1.458041e+01	5.780063e+00	
616	4.472235e-03	1.389832e+01	5.742348e+00	
617	4.474816e-03	1.303598e+01	5.692979e+00	
618	4.476556e-03	1.229174e+01	5.650456e+00	
619	4.478984e-03	1.115976e+01	5.583049e+00	
620	4.480809e-03	1.028453e+01	5.529865e+00	
621	4.483236e-03	9.113191e+00	5.454148e+00	
622	4.486655e-03	7.460630e+00	5.336184e+00	
623	4.489375e-03	6.143728e+00	5.208307e+00	
624	4.492781e-03	4.463129e+00	4.378946e+00	
625	4.493751e-03	3.973251e+00	3.904960e+00	
626	4.494660e-03	3.514416e+00	3.462458e+00	
627	4.495483e-03	3.098478e+00	3.060042e+00	
628	4.497130e-03	2.266726e+00	2.257148e+00	
629	4.500424e-03	6.033051e-01	6.497350e-01	
630	4.507012e-03	-2.72244e+00	-2.56268e+00	
631	4.511211e-03	-4.84108e+00	-4.60914e+00	
632	4.513413e-03	-5.92728e+00	-5.16078e+00	
633	4.515521e-03	-6.94718e+00	-5.28028e+00	
634	4.518182e-03	-8.23190e+00	-5.38607e+00	

Index   time            v(5)            v(7)            
--------------------------------------------------------------------------------
635	4.521215e-03	-9.69496e+00	-5.48495e+00	
636	4.526320e-03	-1.21554e+01	-5.63605e+00	
637	4.532493e-03	-1.45707e+01	-5.77389e+00	
638	4.536290e-03	-1.46088e+01	-5.77656e+00	
639	4.539725e-03	-1.46122e+01	-5.77635e+00	
640	4.543350e-03	-1.46133e+01	-5.77693e+00	
641	4.548842e-03	-1.46136e+01	-5.77659e+00	
642	4.558313e-03	-1.46135e+01	-5.77721e+00	
643	4.568313e-03	-1.46135e+01	-5.77692e+00	
644	4.578313e-03	-1.46135e+01	-5.77754e+00	
645	4.588313e-03	-1.46135e+01	-5.77726e+00	
646	4.598313e-03	-1.46134e+01	-5.77786e+00	
647	4.608313e-03	-1.46134e+01	-5.77757e+00	
648	4.618313e-03	-1.46134e+01	-5.77817e+00	
649	4.628313e-03	-1.46134e+01	-5.77788e+00	
650	4.638313e-03	-1.46134e+01	-5.77847e+00	
651	4.648313e-03	-1.46134e+01	-5.77817e+00	
652	4.658313e-03	-1.46133e+01	-5.77876e+00	
653	4.668313e-03	-1.46133e+01	-5.77845e+00	
654	4.678313e-03	-1.46133e+01	-5.77903e+00	
655	4.688313e-03	-1.46133e+01	-5.77872e+00	
656	4.698313e-03	-1.46133e+01	-5.77929e+00	
657	4.708313e-03	-1.46132e+01	-5.77898e+00	
658	4.718313e-03	-1.46132e+01	-5.77955e+00	
659	4.728313e-03	-1.46132e+01	-5.77923e+00	
660	4.738313e-03	-1.46132e+01	-5.77979e+00	
661	4.748313e-03	-1.46132e+01	-5.77947e+00	
662	4.758313e-03	-1.46132e+01	-5.78002e+00	
663	4.768313e-03	-1.46132e+01	-5.77970e+00	
664	4.778313e-03	-1.46131e+01	-5.78025e+00	
665	4.788313e-03	-1.46131e+01	-5.77993e+00	
666	4.798313e-03	-1.46131e+01	-5.78046e+00	
667	4.808313e-03	-1.46131e+01	-5.78014e+00	
668	4.818313e-03	-1.46131e+01	-5.78067e+00	
669	4.828313e-03	-1.46131e+01	-5.78034e+00	
670	4.838313e-03	-1.46131e+01	-5.78087e+00	
671	4.848313e-03	-1.46131e+01	-5.78054e+00	
672	4.858313e-03	-1.46130e+01	-5.78106e+00	
673	4.868313e-03	-1.46130e+01	-5.78073e+00	
674	4.878313e-03	-1.46130e+01	-5.78125e+00	
675	4.888313e-03	-1.46130e+01	-5.78091e+00	
676	4.898313e-03	-1.46130e+01	-5.78142e+00	
677	4.908313e-03	-1.46130e+01	-5.78109e+00	
678	4.918313e-03	-1.46130e+01	-5.78159e+00	
679	4.928313e-03	-1.46130e+01	-5.78125e+00	
680	4.938313e-03	-1.46129e+01	-5.78176e+00	
681	4.948313e-03	-1.46129e+01	-5.78141e+00	
682	4.958313e-03	-1.46129e+01	-5.78191e+00	
683	4.968313e-03	-1.46129e+01	-5.78157e+00	
684	4.978313e-03	-1.46129e+01	-5.78206e+00	
685	4.988313e-03	-1.46127e+01	-5.78170e+00	
686	4.996709e-03	-1.46112e+01	-5.78210e+00	
687	5.001375e-03	-1.46084e+01	-5.78156e+00	
688	5.007984e-03	-1.45972e+01	-5.78140e+00	
689	5.012573e-03	-1.45760e+01	-5.77984e+00	
690	5.017343e-03	-1.41172e+01	-5.75465e+00	
691	5.020272e-03	-1.32362e+01	-5.70444e+00	
692	5.021913e-03	-1.25695e+01	-5.66658e+00	

Index   time            v(5)            v(7)            
--------------------------------------------------------------------------------
693	5.024377e-03	-1.14641e+01	-5.60130e+00	
694	5.026176e-03	-1.06257e+01	-5.55097e+00	
695	5.028521e-03	-9.52428e+00	-5.48116e+00	
696	5.031784e-03	-7.98794e+00	-5.37623e+00	
697	5.036888e-03	-5.57874e+00	-5.11949e+00	
698	5.040709e-03	-3.71190e+00	-3.65746e+00	
699	5.042457e-03	-2.84738e+00	-2.81285e+00	
700	5.044199e-03	-1.98527e+00	-1.98906e+00	
701	5.045917e-03	-1.13257e+00	-1.15700e+00	
702	5.049354e-03	5.759280e-01	4.854476e-01	
703	5.054740e-03	3.265788e+00	3.091846e+00	
704	5.057953e-03	4.876990e+00	4.636617e+00	
705	5.059708e-03	5.741846e+00	5.128170e+00	
706	5.061115e-03	6.421329e+00	5.226104e+00	
707	5.062552e-03	7.114469e+00	5.296328e+00	
708	5.065427e-03	8.499337e+00	5.403990e+00	
709	5.070402e-03	1.089455e+01	5.561034e+00	
710	5.076467e-03	1.381383e+01	5.731054e+00	
711	5.079687e-03	1.458656e+01	5.775387e+00	
712	5.084274e-03	1.461252e+01	5.776171e+00	
713	5.087434e-03	1.461320e+01	5.777017e+00	
714	5.091249e-03	1.461341e+01	5.776347e+00	
715	5.097220e-03	1.461358e+01	5.777212e+00	
716	5.107220e-03	1.461358e+01	5.776636e+00	
717	5.117220e-03	1.461358e+01	5.777555e+00	
718	5.127220e-03	1.461358e+01	5.776974e+00	
719	5.137220e-03	1.461358e+01	5.777885e+00	
720	5.147220e-03	1.461358e+01	5.777298e+00	
721	5.157220e-03	1.461358e+01	5.778202e+00	
722	5.167220e-03	1.461358e+01	5.777609e+00	
723	5.177220e-03	1.461358e+01	5.778507e+00	
724	5.187220e-03	1.461358e+01	5.777908e+00	
725	5.197220e-03	1.461358e+01	5.778799e+00	
726	5.207220e-03	1.461358e+01	5.778196e+00	
727	5.217220e-03	1.461358e+01	5.779081e+00	
728	5.227220e-03	1.461358e+01	5.778472e+00	
729	5.237220e-03	1.461358e+01	5.779351e+00	
730	5.247220e-03	1.461358e+01	5.778738e+00	
731	5.257220e-03	1.461358e+01	5.779610e+00	
732	5.267220e-03	1.461358e+01	5.778993e+00	
733	5.277220e-03	1.461358e+01	5.779859e+00	
734	5.287220e-03	1.461358e+01	5.779238e+00	
735	5.297220e-03	1.461358e+01	5.780099e+00	
736	5.307220e-03	1.461358e+01	5.779474e+00	
737	5.317220e-03	1.461358e+01	5.780329e+00	
738	5.327220e-03	1.461358e+01	5.779700e+00	
739	5.337220e-03	1.461358e+01	5.780550e+00	
740	5.347220e-03	1.461358e+01	5.779917e+00	
741	5.357220e-03	1.461358e+01	5.780762e+00	
742	5.367220e-03	1.461358e+01	5.780126e+00	
743	5.377220e-03	1.461358e+01	5.780966e+00	
744	5.387220e-03	1.461358e+01	5.780327e+00	
745	5.397220e-03	1.461358e+01	5.781162e+00	
746	5.407220e-03	1.461358e+01	5.780520e+00	
747	5.417220e-03	1.461358e+01	5.781350e+00	
748	5.427220e-03	1.461358e+01	5.780705e+00	
749	5.437220e-03	1.461358e+01	5.781531e+00	
750	5.447220e-03	1.461358e+01	5.780884e+00	

Index   time            v(5)            v(7)            
--------------------------------------------------------------------------------
751	5.457220e-03	1.461358e+01	5.781705e+00	
752	5.467220e-03	1.461358e+01	5.781055e+00	
753	5.477220e-03	1.461358e+01	5.781871e+00	
754	5.487220e-03	1.461358e+01	5.781219e+00	
755	5.497220e-03	1.461358e+01	5.782032e+00	
756	5.507220e-03	1.461358e+01	5.781377e+00	
757	5.517220e-03	1.461358e+01	5.782185e+00	
758	5.527220e-03	1.461355e+01	5.781528e+00	
759	5.537220e-03	1.461323e+01	5.782314e+00	
760	5.544450e-03	1.461175e+01	5.781553e+00	
761	5.549203e-03	1.460861e+01	5.782142e+00	
762	5.555666e-03	1.459698e+01	5.780812e+00	
763	5.559486e-03	1.458010e+01	5.780626e+00	
764	5.563461e-03	1.447496e+01	5.774069e+00	
765	5.566259e-03	1.387100e+01	5.741002e+00	
766	5.568363e-03	1.312666e+01	5.698059e+00	
767	5.569995e-03	1.242146e+01	5.658178e+00	
768	5.571784e-03	1.159203e+01	5.608693e+00	
769	5.574211e-03	1.043224e+01	5.539247e+00	
770	5.576559e-03	9.299279e+00	5.466291e+00	
771	5.580131e-03	7.572644e+00	5.345249e+00	
772	5.584896e-03	5.261734e+00	5.028382e+00	
773	5.588716e-03	3.338540e+00	3.300129e+00	
774	5.590661e-03	2.355746e+00	2.334722e+00	
775	5.592508e-03	1.423470e+00	1.449334e+00	
776	5.594402e-03	4.665721e-01	5.106781e-01	
777	5.598189e-03	-1.44473e+00	-1.32209e+00	
778	5.602744e-03	-3.74469e+00	-3.55745e+00	
779	5.604876e-03	-4.81918e+00	-4.57436e+00	
780	5.605933e-03	-5.34888e+00	-5.01265e+00	
781	5.606579e-03	-5.66449e+00	-5.11003e+00	
782	5.607275e-03	-6.00222e+00	-5.17326e+00	
783	5.608113e-03	-6.40784e+00	-5.22432e+00	
784	5.608972e-03	-6.82321e+00	-5.26994e+00	
785	5.610689e-03	-7.65282e+00	-5.34019e+00	
786	5.613495e-03	-9.00673e+00	-5.44002e+00	
787	5.617190e-03	-1.07885e+01	-5.55339e+00	
788	5.624581e-03	-1.43487e+01	-5.76211e+00	
789	5.627746e-03	-1.45997e+01	-5.77534e+00	
790	5.631608e-03	-1.46128e+01	-5.77701e+00	
791	5.636069e-03	-1.46134e+01	-5.77626e+00	
792	5.640494e-03	-1.46135e+01	-5.77720e+00	
793	5.648185e-03	-1.46135e+01	-5.77648e+00	
794	5.657655e-03	-1.46135e+01	-5.77751e+00	
795	5.667655e-03	-1.46135e+01	-5.77681e+00	
796	5.677655e-03	-1.46135e+01	-5.77784e+00	
797	5.687655e-03	-1.46135e+01	-5.77713e+00	
798	5.697655e-03	-1.46134e+01	-5.77816e+00	
799	5.707655e-03	-1.46134e+01	-5.77745e+00	
800	5.717655e-03	-1.46134e+01	-5.77847e+00	
801	5.727655e-03	-1.46134e+01	-5.77775e+00	
802	5.737655e-03	-1.46134e+01	-5.77876e+00	
803	5.747655e-03	-1.46133e+01	-5.77803e+00	
804	5.757655e-03	-1.46133e+01	-5.77905e+00	
805	5.767655e-03	-1.46133e+01	-5.77831e+00	
806	5.777655e-03	-1.46133e+01	-5.77932e+00	
807	5.787655e-03	-1.46133e+01	-5.77858e+00	
808	5.797655e-03	-1.46133e+01	-5.77958e+00	

Index   time            v(5)            v(7)            
--------------------------------------------------------------------------------
809	5.807655e-03	-1.46132e+01	-5.77883e+00	
810	5.817655e-03	-1.46132e+01	-5.77983e+00	
811	5.827655e-03	-1.46132e+01	-5.77908e+00	
812	5.837655e-03	-1.46132e+01	-5.78008e+00	
813	5.847655e-03	-1.46132e+01	-5.77932e+00	
814	5.857655e-03	-1.46132e+01	-5.78031e+00	
815	5.867655e-03	-1.46131e+01	-5.77954e+00	
816	5.877655e-03	-1.46131e+01	-5.78053e+00	
817	5.887655e-03	-1.46131e+01	-5.77976e+00	
818	5.897655e-03	-1.46131e+01	-5.78075e+00	
819	5.907655e-03	-1.46131e+01	-5.77997e+00	
820	5.917655e-03	-1.46131e+01	-5.78095e+00	
821	5.927655e-03	-1.46131e+01	-5.78017e+00	
822	5.937655e-03	-1.46131e+01	-5.78115e+00	
823	5.947655e-03	-1.46130e+01	-5.78036e+00	
824	5.957655e-03	-1.46130e+01	-5.78134e+00	
825	5.967655e-03	-1.46130e+01	-5.78055e+00	
826	5.977655e-03	-1.46130e+01	-5.78152e+00	
827	5.987655e-03	-1.46130e+01	-5.78073e+00	
828	5.997655e-03	-1.46130e+01	-5.78170e+00	
829	6.007655e-03	-1.46130e+01	-5.78090e+00	
830	6.017655e-03	-1.46130e+01	-5.78187e+00	
831	6.027655e-03	-1.46130e+01	-5.78107e+00	
832	6.037655e-03	-1.46129e+01	-5.78203e+00	
833	6.047655e-03	-1.46129e+01	-5.78122e+00	
834	6.057655e-03	-1.46129e+01	-5.78219e+00	
835	6.067655e-03	-1.46129e+01	-5.78138e+00	
836	6.077655e-03	-1.46128e+01	-5.78233e+00	
837	6.087655e-03	-1.46120e+01	-5.78147e+00	
838	6.093225e-03	-1.46100e+01	-5.78228e+00	
839	6.097953e-03	-1.46053e+01	-5.78117e+00	
840	6.103611e-03	-1.45917e+01	-5.78134e+00	
841	6.107976e-03	-1.45608e+01	-5.77876e+00	
842	6.111344e-03	-1.41905e+01	-5.75900e+00	
843	6.115122e-03	-1.30197e+01	-5.69182e+00	
844	6.116951e-03	-1.22379e+01	-5.64758e+00	
845	6.119305e-03	-1.11589e+01	-5.58276e+00	
846	6.121043e-03	-1.03453e+01	-5.53389e+00	
847	6.123437e-03	-9.21968e+00	-5.46097e+00	
848	6.128225e-03	-6.96420e+00	-5.29350e+00	
849	6.131129e-03	-5.59218e+00	-5.12182e+00	
850	6.134954e-03	-3.72355e+00	-3.67053e+00	
851	6.136342e-03	-3.03706e+00	-2.99421e+00	
852	6.137669e-03	-2.38113e+00	-2.37282e+00	
853	6.139241e-03	-1.60184e+00	-1.60879e+00	
854	6.141968e-03	-2.47832e-01	-3.11502e-01	
855	6.145582e-03	1.552985e+00	1.438444e+00	
856	6.151114e-03	4.320528e+00	4.102060e+00	
857	6.152706e-03	5.119250e+00	4.858023e+00	
858	6.154094e-03	5.798262e+00	5.137506e+00	
859	6.155527e-03	6.490556e+00	5.235546e+00	
860	6.157658e-03	7.517684e+00	5.330470e+00	
861	6.159640e-03	8.472463e+00	5.404890e+00	
862	6.163605e-03	1.038100e+01	5.528208e+00	
863	6.167196e-03	1.210988e+01	5.634138e+00	
864	6.171877e-03	1.436329e+01	5.762302e+00	
865	6.174514e-03	1.459597e+01	5.776131e+00	
866	6.177504e-03	1.460967e+01	5.775785e+00	

Index   time            v(5)            v(7)            
--------------------------------------------------------------------------------
867	6.180634e-03	1.461219e+01	5.777144e+00	
868	6.185530e-03	1.461356e+01	5.776151e+00	
869	6.191379e-03	1.461363e+01	5.777413e+00	
870	6.201379e-03	1.461358e+01	5.776432e+00	
871	6.211379e-03	1.461358e+01	5.777752e+00	
872	6.221379e-03	1.461358e+01	5.776770e+00	
873	6.231379e-03	1.461358e+01	5.778081e+00	
874	6.241379e-03	1.461358e+01	5.777096e+00	
875	6.251379e-03	1.461358e+01	5.778397e+00	
876	6.261379e-03	1.461358e+01	5.777409e+00	
877	6.271379e-03	1.461358e+01	5.778701e+00	
878	6.281379e-03	1.461358e+01	5.777709e+00	
879	6.291379e-03	1.461358e+01	5.778992e+00	
880	6.301379e-03	1.461358e+01	5.777998e+00	
881	6.311379e-03	1.461358e+01	5.779272e+00	
882	6.321379e-03	1.461358e+01	5.778276e+00	
883	6.331379e-03	1.461358e+01	5.779541e+00	
884	6.341379e-03	1.461358e+01	5.778543e+00	
885	6.351379e-03	1.461358e+01	5.779800e+00	
886	6.361379e-03	1.461358e+01	5.778799e+00	
887	6.371379e-03	1.461358e+01	5.780048e+00	
888	6.381379e-03	1.461358e+01	5.779045e+00	
889	6.391379e-03	1.461358e+01	5.780287e+00	
890	6.401379e-03	1.461358e+01	5.779282e+00	
891	6.411379e-03	1.461358e+01	5.780516e+00	
892	6.421379e-03	1.461358e+01	5.779509e+00	
893	6.431379e-03	1.461358e+01	5.780736e+00	
894	6.441379e-03	1.461358e+01	5.779728e+00	
895	6.451379e-03	1.461358e+01	5.780947e+00	
896	6.461379e-03	1.461358e+01	5.779938e+00	
897	6.471379e-03	1.461358e+01	5.781150e+00	
898	6.481379e-03	1.461358e+01	5.780139e+00	
899	6.491379e-03	1.461358e+01	5.781345e+00	
900	6.501379e-03	1.461358e+01	5.780333e+00	
901	6.511379e-03	1.461358e+01	5.781533e+00	
902	6.521379e-03	1.461358e+01	5.780520e+00	
903	6.531379e-03	1.461358e+01	5.781713e+00	
904	6.541379e-03	1.461358e+01	5.780699e+00	
905	6.551379e-03	1.461358e+01	5.781886e+00	
906	6.561379e-03	1.461358e+01	5.780871e+00	
907	6.571379e-03	1.461358e+01	5.782052e+00	
908	6.581379e-03	1.461358e+01	5.781036e+00	
909	6.591379e-03	1.461358e+01	5.782211e+00	
910	6.601379e-03	1.461358e+01	5.781195e+00	
911	6.611379e-03	1.461358e+01	5.782365e+00	
912	6.621379e-03	1.461355e+01	5.781346e+00	
913	6.631379e-03	1.461325e+01	5.782493e+00	
914	6.638721e-03	1.461178e+01	5.781375e+00	
915	6.643500e-03	1.460868e+01	5.782324e+00	
916	6.650065e-03	1.459689e+01	5.780629e+00	
917	6.653729e-03	1.458092e+01	5.780848e+00	
918	6.657599e-03	1.450368e+01	5.775492e+00	
919	6.660231e-03	1.399099e+01	5.747932e+00	
920	6.662785e-03	1.312400e+01	5.697667e+00	
921	6.664708e-03	1.229261e+01	5.650873e+00	
922	6.666742e-03	1.134039e+01	5.593527e+00	
923	6.668604e-03	1.044761e+01	5.540362e+00	
924	6.671154e-03	9.217635e+00	5.460724e+00	

Index   time            v(5)            v(7)            
--------------------------------------------------------------------------------
925	6.674306e-03	7.693615e+00	5.354578e+00	
926	6.678284e-03	5.767301e+00	5.153680e+00	
927	6.681823e-03	4.004513e+00	3.944395e+00	
928	6.683261e-03	3.277533e+00	3.224881e+00	
929	6.684627e-03	2.588136e+00	2.574884e+00	
930	6.686119e-03	1.833877e+00	1.831575e+00	
931	6.688353e-03	7.066212e-01	7.564525e-01	
932	6.691200e-03	-7.31464e-01	-6.45993e-01	
933	6.695575e-03	-2.93947e+00	-2.76637e+00	
934	6.698082e-03	-4.20536e+00	-4.00168e+00	
935	6.699698e-03	-5.01927e+00	-4.76620e+00	
936	6.701335e-03	-5.82537e+00	-5.14441e+00	
937	6.702552e-03	-6.41446e+00	-5.22514e+00	
938	6.703800e-03	-7.01807e+00	-5.28753e+00	
939	6.705878e-03	-8.02120e+00	-5.36884e+00	
940	6.709357e-03	-9.69989e+00	-5.48582e+00	
941	6.716317e-03	-1.30536e+01	-5.68787e+00	
942	6.719893e-03	-1.45531e+01	-5.77340e+00	
943	6.722995e-03	-1.46040e+01	-5.77575e+00	
944	6.725638e-03	-1.46106e+01	-5.77672e+00	
945	6.728483e-03	-1.46129e+01	-5.77634e+00	
946	6.733695e-03	-1.46137e+01	-5.77705e+00	
947	6.740649e-03	-1.46136e+01	-5.77660e+00	
948	6.750649e-03	-1.46135e+01	-5.77733e+00	
949	6.760649e-03	-1.46135e+01	-5.77693e+00	
950	6.770649e-03	-1.46135e+01	-5.77767e+00	
951	6.780649e-03	-1.46135e+01	-5.77726e+00	
952	6.790649e-03	-1.46134e+01	-5.77799e+00	
953	6.800649e-03	-1.46134e+01	-5.77757e+00	
954	6.810649e-03	-1.46134e+01	-5.77830e+00	
955	6.820649e-03	-1.46134e+01	-5.77788e+00	
956	6.830649e-03	-1.46134e+01	-5.77859e+00	
957	6.840649e-03	-1.46133e+01	-5.77816e+00	
958	6.850649e-03	-1.46133e+01	-5.77888e+00	
959	6.860649e-03	-1.46133e+01	-5.77844e+00	
960	6.870649e-03	-1.46133e+01	-5.77915e+00	
961	6.880649e-03	-1.46133e+01	-5.77871e+00	
962	6.890649e-03	-1.46133e+01	-5.77941e+00	
963	6.900649e-03	-1.46132e+01	-5.77897e+00	
964	6.910649e-03	-1.46132e+01	-5.77966e+00	
965	6.920649e-03	-1.46132e+01	-5.77921e+00	
966	6.930649e-03	-1.46132e+01	-5.77991e+00	
967	6.940649e-03	-1.46132e+01	-5.77945e+00	
968	6.950649e-03	-1.46132e+01	-5.78014e+00	
969	6.960649e-03	-1.46132e+01	-5.77968e+00	
970	6.970649e-03	-1.46131e+01	-5.78036e+00	
971	6.980649e-03	-1.46131e+01	-5.77990e+00	
972	6.990649e-03	-1.46131e+01	-5.78058e+00	
973	7.000649e-03	-1.46131e+01	-5.78011e+00	
974	7.010649e-03	-1.46131e+01	-5.78079e+00	
975	7.020649e-03	-1.46131e+01	-5.78031e+00	
976	7.030649e-03	-1.46131e+01	-5.78098e+00	
977	7.040649e-03	-1.46130e+01	-5.78050e+00	
978	7.050649e-03	-1.46130e+01	-5.78117e+00	
979	7.060649e-03	-1.46130e+01	-5.78069e+00	
980	7.070649e-03	-1.46130e+01	-5.78136e+00	
981	7.080649e-03	-1.46130e+01	-5.78087e+00	
982	7.090649e-03	-1.46130e+01	-5.78153e+00	

Index   time            v(5)            v(7)            
--------------------------------------------------------------------------------
983	7.100649e-03	-1.46130e+01	-5.78104e+00	
984	7.110649e-03	-1.46130e+01	-5.78170e+00	
985	7.120649e-03	-1.46130e+01	-5.78121e+00	
986	7.130649e-03	-1.46129e+01	-5.78186e+00	
987	7.140649e-03	-1.46129e+01	-5.78137e+00	
988	7.150649e-03	-1.46129e+01	-5.78202e+00	
989	7.160649e-03	-1.46129e+01	-5.78152e+00	
990	7.170649e-03	-1.46129e+01	-5.78217e+00	
991	7.180649e-03	-1.46123e+01	-5.78163e+00	
992	7.186728e-03	-1.46106e+01	-5.78216e+00	
993	7.191288e-03	-1.46068e+01	-5.78140e+00	
994	7.197076e-03	-1.45951e+01	-5.78137e+00	
995	7.201424e-03	-1.45752e+01	-5.77972e+00	
996	7.205625e-03	-1.41864e+01	-5.75861e+00	
997	7.209807e-03	-1.28778e+01	-5.68384e+00	
998	7.211792e-03	-1.20131e+01	-5.63428e+00	
999	7.214290e-03	-1.08584e+01	-5.56475e+00	
1000	7.216115e-03	-1.00028e+01	-5.51226e+00	
1001	7.218564e-03	-8.85019e+00	-5.43638e+00	
1002	7.223463e-03	-6.54152e+00	-5.25327e+00	
1003	7.225529e-03	-5.56447e+00	-5.11643e+00	
1004	7.228711e-03	-4.01234e+00	-3.94758e+00	
1005	7.229727e-03	-3.51025e+00	-3.45356e+00	
1006	7.230745e-03	-3.00761e+00	-2.97612e+00	
1007	7.231972e-03	-2.39997e+00	-2.38190e+00	
1008	7.233979e-03	-1.40565e+00	-1.42818e+00	
1009	7.236820e-03	6.162360e-03	-5.79466e-02	
1010	7.241679e-03	2.428769e+00	2.276203e+00	
1011	7.245033e-03	4.108934e+00	3.905434e+00	
1012	7.246911e-03	5.050434e+00	4.797584e+00	
1013	7.248701e-03	5.926167e+00	5.161017e+00	
1014	7.250317e-03	6.706199e+00	5.257658e+00	
1015	7.252100e-03	7.565455e+00	5.334312e+00	
1016	7.255666e-03	9.282747e+00	5.457895e+00	
1017	7.259590e-03	1.117187e+01	5.579395e+00	
1018	7.264200e-03	1.339117e+01	5.708489e+00	
1019	7.267935e-03	1.457903e+01	5.774756e+00	
1020	7.272518e-03	1.461215e+01	5.776344e+00	
1021	7.275613e-03	1.461351e+01	5.776824e+00	
1022	7.279361e-03	1.461342e+01	5.776538e+00	
1023	7.284969e-03	1.461357e+01	5.776993e+00	
1024	7.294969e-03	1.461359e+01	5.776821e+00	
1025	7.304969e-03	1.461358e+01	5.777338e+00	
1026	7.314969e-03	1.461358e+01	5.777158e+00	
1027	7.324969e-03	1.461358e+01	5.777669e+00	
1028	7.334969e-03	1.461358e+01	5.777483e+00	
1029	7.344969e-03	1.461358e+01	5.777987e+00	
1030	7.354969e-03	1.461358e+01	5.777795e+00	
1031	7.364969e-03	1.461358e+01	5.778292e+00	
1032	7.374969e-03	1.461358e+01	5.778094e+00	
1033	7.384969e-03	1.461358e+01	5.778586e+00	
1034	7.394969e-03	1.461358e+01	5.778382e+00	
1035	7.404969e-03	1.461358e+01	5.778868e+00	
1036	7.414969e-03	1.461358e+01	5.778659e+00	
1037	7.424969e-03	1.461358e+01	5.779138e+00	
1038	7.434969e-03	1.461358e+01	5.778924e+00	
1039	7.444969e-03	1.461358e+01	5.779399e+00	
1040	7.454969e-03	1.461358e+01	5.779180e+00	

Index   time            v(5)            v(7)            
--------------------------------------------------------------------------------
1041	7.464969e-03	1.461358e+01	5.779649e+00	
1042	7.474969e-03	1.461358e+01	5.779425e+00	
1043	7.484969e-03	1.461358e+01	5.779889e+00	
1044	7.494969e-03	1.461358e+01	5.779661e+00	
1045	7.504969e-03	1.461358e+01	5.780119e+00	
1046	7.514969e-03	1.461358e+01	5.779887e+00	
1047	7.524969e-03	1.461358e+01	5.780341e+00	
1048	7.534969e-03	1.461358e+01	5.780105e+00	
1049	7.544969e-03	1.461358e+01	5.780554e+00	
1050	7.554969e-03	1.461358e+01	5.780314e+00	
1051	7.564969e-03	1.461358e+01	5.780759e+00	
1052	7.574969e-03	1.461358e+01	5.780515e+00	
1053	7.584969e-03	1.461358e+01	5.780955e+00	
1054	7.594969e-03	1.461358e+01	5.780708e+00	
1055	7.604969e-03	1.461358e+01	5.781144e+00	
1056	7.614969e-03	1.461358e+01	5.780893e+00	
1057	7.624969e-03	1.461358e+01	5.781325e+00	
1058	7.634969e-03	1.461358e+01	5.781072e+00	
1059	7.644969e-03	1.461358e+01	5.781500e+00	
1060	7.654969e-03	1.461358e+01	5.781243e+00	
1061	7.664969e-03	1.461358e+01	5.781667e+00	
1062	7.674969e-03	1.461358e+01	5.781407e+00	
1063	7.684969e-03	1.461358e+01	5.781828e+00	
1064	7.694969e-03	1.461358e+01	5.781566e+00	
1065	7.704969e-03	1.461358e+01	5.781982e+00	
1066	7.714969e-03	1.461356e+01	5.781716e+00	
1067	7.724969e-03	1.461330e+01	5.782115e+00	
1068	7.732851e-03	1.461186e+01	5.781752e+00	
1069	7.737584e-03	1.460892e+01	5.781962e+00	
1070	7.744184e-03	1.459754e+01	5.781036e+00	
1071	7.748287e-03	1.457951e+01	5.780399e+00	
1072	7.752542e-03	1.438796e+01	5.769411e+00	
1073	7.755576e-03	1.363259e+01	5.727344e+00	
1074	7.757369e-03	1.295214e+01	5.688244e+00	
1075	7.759196e-03	1.214388e+01	5.641804e+00	
1076	7.761111e-03	1.124349e+01	5.588081e+00	
1077	7.763222e-03	1.023017e+01	5.526463e+00	
1078	7.765943e-03	8.917079e+00	5.441064e+00	
1079	7.769428e-03	7.231885e+00	5.317910e+00	
1080	7.772503e-03	5.742129e+00	5.150355e+00	
1081	7.774392e-03	4.811249e+00	4.714282e+00	
1082	7.775890e-03	4.054647e+00	3.983284e+00	
1083	7.776804e-03	3.593184e+00	3.539310e+00	
1084	7.777695e-03	3.142876e+00	3.102735e+00	
1085	7.779187e-03	2.389472e+00	2.376371e+00	
1086	7.782171e-03	8.825983e-01	9.193769e-01	
1087	7.787646e-03	-1.88175e+00	-1.74985e+00	
1088	7.792132e-03	-4.14585e+00	-3.93841e+00	
1089	7.795274e-03	-5.71415e+00	-5.12110e+00	
1090	7.798315e-03	-7.18586e+00	-5.30263e+00	
1091	7.800969e-03	-8.46715e+00	-5.40158e+00	
1092	7.803760e-03	-9.81318e+00	-5.49301e+00	
1093	7.809341e-03	-1.25029e+01	-5.65591e+00	
1094	7.812874e-03	-1.42049e+01	-5.75402e+00	
1095	7.815471e-03	-1.45912e+01	-5.77503e+00	
1096	7.818594e-03	-1.46083e+01	-5.77654e+00	
1097	7.822139e-03	-1.46125e+01	-5.77634e+00	
1098	7.825490e-03	-1.46134e+01	-5.77696e+00	

Index   time            v(5)            v(7)            
--------------------------------------------------------------------------------
1099	7.832088e-03	-1.46136e+01	-5.77658e+00	
1100	7.840973e-03	-1.46135e+01	-5.77724e+00	
1101	7.850973e-03	-1.46135e+01	-5.77690e+00	
1102	7.860973e-03	-1.46135e+01	-5.77757e+00	
1103	7.870973e-03	-1.46135e+01	-5.77723e+00	
1104	7.880973e-03	-1.46134e+01	-5.77790e+00	
1105	7.890973e-03	-1.46134e+01	-5.77754e+00	
1106	7.900973e-03	-1.46134e+01	-5.77821e+00	
1107	7.910973e-03	-1.46134e+01	-5.77785e+00	
1108	7.920973e-03	-1.46134e+01	-5.77851e+00	
1109	7.930973e-03	-1.46134e+01	-5.77814e+00	
1110	7.940973e-03	-1.46133e+01	-5.77879e+00	
1111	7.950973e-03	-1.46133e+01	-5.77842e+00	
1112	7.960973e-03	-1.46133e+01	-5.77907e+00	
1113	7.970973e-03	-1.46133e+01	-5.77869e+00	
1114	7.980973e-03	-1.46133e+01	-5.77933e+00	
1115	7.990973e-03	-1.46132e+01	-5.77895e+00	
1116	8.000973e-03	-1.46132e+01	-5.77959e+00	
1117	8.010973e-03	-1.46132e+01	-5.77919e+00	
1118	8.020973e-03	-1.46132e+01	-5.77983e+00	
1119	8.030973e-03	-1.46132e+01	-5.77943e+00	
1120	8.040973e-03	-1.46132e+01	-5.78007e+00	
1121	8.050973e-03	-1.46132e+01	-5.77966e+00	
1122	8.060973e-03	-1.46131e+01	-5.78029e+00	
1123	8.070973e-03	-1.46131e+01	-5.77988e+00	
1124	8.080973e-03	-1.46131e+01	-5.78051e+00	
1125	8.090973e-03	-1.46131e+01	-5.78010e+00	
1126	8.100973e-03	-1.46131e+01	-5.78072e+00	
1127	8.110973e-03	-1.46131e+01	-5.78030e+00	
1128	8.120973e-03	-1.46131e+01	-5.78092e+00	
1129	8.130973e-03	-1.46131e+01	-5.78049e+00	
1130	8.140973e-03	-1.46130e+01	-5.78111e+00	
1131	8.150973e-03	-1.46130e+01	-5.78068e+00	
1132	8.160973e-03	-1.46130e+01	-5.78129e+00	
1133	8.170973e-03	-1.46130e+01	-5.78086e+00	
1134	8.180973e-03	-1.46130e+01	-5.78147e+00	
1135	8.190973e-03	-1.46130e+01	-5.78104e+00	
1136	8.200973e-03	-1.46130e+01	-5.78164e+00	
1137	8.210973e-03	-1.46130e+01	-5.78120e+00	
1138	8.220973e-03	-1.46129e+01	-5.78181e+00	
1139	8.230973e-03	-1.46129e+01	-5.78136e+00	
1140	8.240973e-03	-1.46129e+01	-5.78196e+00	
1141	8.250973e-03	-1.46129e+01	-5.78152e+00	
1142	8.260973e-03	-1.46129e+01	-5.78211e+00	
1143	8.270973e-03	-1.46127e+01	-5.78165e+00	
1144	8.279302e-03	-1.46112e+01	-5.78215e+00	
1145	8.283955e-03	-1.46084e+01	-5.78151e+00	
1146	8.290532e-03	-1.45973e+01	-5.78146e+00	
1147	8.295182e-03	-1.45757e+01	-5.77977e+00	
1148	8.300048e-03	-1.40732e+01	-5.75224e+00	
1149	8.302902e-03	-1.31959e+01	-5.70208e+00	
1150	8.304544e-03	-1.25244e+01	-5.66402e+00	
1151	8.306992e-03	-1.14229e+01	-5.59879e+00	
1152	8.308711e-03	-1.06218e+01	-5.55078e+00	
1153	8.311137e-03	-9.48204e+00	-5.47836e+00	
1154	8.314365e-03	-7.96237e+00	-5.37440e+00	
1155	8.319658e-03	-5.46327e+00	-5.09295e+00	
1156	8.323659e-03	-3.50270e+00	-3.45541e+00	

Index   time            v(5)            v(7)            
--------------------------------------------------------------------------------
1157	8.325470e-03	-2.60655e+00	-2.57979e+00	
1158	8.327196e-03	-1.75240e+00	-1.76416e+00	
1159	8.328956e-03	-8.78680e-01	-9.11337e-01	
1160	8.332476e-03	8.720390e-01	7.714710e-01	
1161	8.338055e-03	3.660931e+00	3.474029e+00	
1162	8.340340e-03	4.806376e+00	4.564623e+00	
1163	8.341526e-03	5.397253e+00	5.032454e+00	
1164	8.342242e-03	5.745172e+00	5.127789e+00	
1165	8.343034e-03	6.128070e+00	5.190893e+00	
1166	8.343944e-03	6.567422e+00	5.242150e+00	
1167	8.344877e-03	7.017098e+00	5.287881e+00	
1168	8.346667e-03	7.879570e+00	5.359554e+00	
1169	8.349818e-03	9.396982e+00	5.466066e+00	
1170	8.352839e-03	1.085127e+01	5.557906e+00	
1171	8.356881e-03	1.279711e+01	5.674195e+00	
1172	8.360592e-03	1.452011e+01	5.770749e+00	
1173	8.363288e-03	1.460005e+01	5.776288e+00	
1174	8.366113e-03	1.460941e+01	5.775864e+00	
1175	8.368814e-03	1.461273e+01	5.777088e+00	
1176	8.374094e-03	1.461406e+01	5.776277e+00	
1177	8.380100e-03	1.461366e+01	5.777336e+00	
1178	8.389901e-03	1.461359e+01	5.776528e+00	
1179	8.399901e-03	1.461358e+01	5.777670e+00	
1180	8.409901e-03	1.461358e+01	5.776867e+00	
1181	8.419901e-03	1.461358e+01	5.777998e+00	
1182	8.429901e-03	1.461358e+01	5.777193e+00	
1183	8.439901e-03	1.461358e+01	5.778313e+00	
1184	8.449901e-03	1.461358e+01	5.777506e+00	
1185	8.459901e-03	1.461358e+01	5.778615e+00	
1186	8.469901e-03	1.461358e+01	5.777807e+00	
1187	8.479901e-03	1.461358e+01	5.778906e+00	
1188	8.489901e-03	1.461358e+01	5.778096e+00	
1189	8.499901e-03	1.461358e+01	5.779185e+00	
1190	8.509901e-03	1.461358e+01	5.778374e+00	
1191	8.519901e-03	1.461358e+01	5.779454e+00	
1192	8.529901e-03	1.461358e+01	5.778641e+00	
1193	8.539901e-03	1.461358e+01	5.779711e+00	
1194	8.549901e-03	1.461358e+01	5.778897e+00	
1195	8.559901e-03	1.461358e+01	5.779959e+00	
1196	8.569901e-03	1.461358e+01	5.779144e+00	
1197	8.579901e-03	1.461358e+01	5.780197e+00	
1198	8.589901e-03	1.461358e+01	5.779381e+00	
1199	8.599901e-03	1.461358e+01	5.780425e+00	
1200	8.609901e-03	1.461358e+01	5.779608e+00	
1201	8.619901e-03	1.461358e+01	5.780645e+00	
1202	8.629901e-03	1.461358e+01	5.779827e+00	
1203	8.639901e-03	1.461358e+01	5.780856e+00	
1204	8.649901e-03	1.461358e+01	5.780037e+00	
1205	8.659901e-03	1.461358e+01	5.781058e+00	
1206	8.669901e-03	1.461358e+01	5.780239e+00	
1207	8.679901e-03	1.461358e+01	5.781253e+00	
1208	8.689901e-03	1.461358e+01	5.780433e+00	
1209	8.699901e-03	1.461358e+01	5.781440e+00	
1210	8.709901e-03	1.461358e+01	5.780620e+00	
1211	8.719901e-03	1.461358e+01	5.781620e+00	
1212	8.729901e-03	1.461358e+01	5.780799e+00	
1213	8.739901e-03	1.461358e+01	5.781792e+00	
1214	8.749901e-03	1.461358e+01	5.780971e+00	

Index   time            v(5)            v(7)            
--------------------------------------------------------------------------------
1215	8.759901e-03	1.461358e+01	5.781958e+00	
1216	8.769901e-03	1.461358e+01	5.781136e+00	
1217	8.779901e-03	1.461358e+01	5.782117e+00	
1218	8.789901e-03	1.461358e+01	5.781295e+00	
1219	8.799901e-03	1.461358e+01	5.782270e+00	
1220	8.809901e-03	1.461355e+01	5.781447e+00	
1221	8.819901e-03	1.461321e+01	5.782396e+00	
1222	8.827015e-03	1.461172e+01	5.781471e+00	
1223	8.831782e-03	1.460853e+01	5.782219e+00	
1224	8.838236e-03	1.459678e+01	5.780721e+00	
1225	8.841963e-03	1.458026e+01	5.780714e+00	
1226	8.845842e-03	1.449209e+01	5.774945e+00	
1227	8.848528e-03	1.394391e+01	5.745185e+00	
1228	8.850757e-03	1.317569e+01	5.700794e+00	
1229	8.852342e-03	1.249686e+01	5.662629e+00	
1230	8.854107e-03	1.168220e+01	5.613964e+00	
1231	8.856328e-03	1.062284e+01	5.551072e+00	
1232	8.858694e-03	9.481831e+00	5.478142e+00	
1233	8.862227e-03	7.774896e+00	5.360801e+00	
1234	8.866333e-03	5.786295e+00	5.156986e+00	
1235	8.868781e-03	4.575320e+00	4.493581e+00	
1236	8.870459e-03	3.727163e+00	3.661796e+00	
1237	8.871569e-03	3.167231e+00	3.132411e+00	
1238	8.872655e-03	2.617775e+00	2.591308e+00	
1239	8.874456e-03	1.708745e+00	1.722663e+00	
1240	8.876440e-03	7.065985e-01	7.456709e-01	
1241	8.879720e-03	-9.49178e-01	-8.45393e-01	
1242	8.885532e-03	-3.88331e+00	-3.68833e+00	
1243	8.889070e-03	-5.65357e+00	-5.10692e+00	
1244	8.892317e-03	-7.22526e+00	-5.30638e+00	
1245	8.895115e-03	-8.57601e+00	-5.40906e+00	
1246	8.898032e-03	-9.98266e+00	-5.50414e+00	
1247	8.903864e-03	-1.27934e+01	-5.67251e+00	
1248	8.907323e-03	-1.44542e+01	-5.76801e+00	
1249	8.909901e-03	-1.45983e+01	-5.77587e+00	
1250	8.912900e-03	-1.46092e+01	-5.77682e+00	
1251	8.915967e-03	-1.46133e+01	-5.77617e+00	
1252	8.919339e-03	-1.46136e+01	-5.77718e+00	
1253	8.925645e-03	-1.46136e+01	-5.77635e+00	
1254	8.934690e-03	-1.46135e+01	-5.77745e+00	
1255	8.944690e-03	-1.46135e+01	-5.77668e+00	
1256	8.954690e-03	-1.46135e+01	-5.77779e+00	
1257	8.964690e-03	-1.46135e+01	-5.77701e+00	
1258	8.974690e-03	-1.46134e+01	-5.77811e+00	
1259	8.984690e-03	-1.46134e+01	-5.77732e+00	
1260	8.994690e-03	-1.46134e+01	-5.77842e+00	
1261	9.004690e-03	-1.46134e+01	-5.77763e+00	
1262	9.014690e-03	-1.46134e+01	-5.77872e+00	
1263	9.024690e-03	-1.46134e+01	-5.77792e+00	
1264	9.034690e-03	-1.46133e+01	-5.77900e+00	
1265	9.044690e-03	-1.46133e+01	-5.77820e+00	
1266	9.054690e-03	-1.46133e+01	-5.77928e+00	
1267	9.064690e-03	-1.46133e+01	-5.77847e+00	
1268	9.074690e-03	-1.46133e+01	-5.77954e+00	
1269	9.084690e-03	-1.46132e+01	-5.77873e+00	
1270	9.094690e-03	-1.46132e+01	-5.77980e+00	
1271	9.104690e-03	-1.46132e+01	-5.77898e+00	
1272	9.114690e-03	-1.46132e+01	-5.78004e+00	

Index   time            v(5)            v(7)            
--------------------------------------------------------------------------------
1273	9.124690e-03	-1.46132e+01	-5.77922e+00	
1274	9.134690e-03	-1.46132e+01	-5.78028e+00	
1275	9.144690e-03	-1.46132e+01	-5.77945e+00	
1276	9.154690e-03	-1.46131e+01	-5.78050e+00	
1277	9.164690e-03	-1.46131e+01	-5.77967e+00	
1278	9.174690e-03	-1.46131e+01	-5.78072e+00	
1279	9.184690e-03	-1.46131e+01	-5.77988e+00	
1280	9.194690e-03	-1.46131e+01	-5.78093e+00	
1281	9.204690e-03	-1.46131e+01	-5.78009e+00	
1282	9.214690e-03	-1.46131e+01	-5.78113e+00	
1283	9.224690e-03	-1.46131e+01	-5.78028e+00	
1284	9.234690e-03	-1.46130e+01	-5.78132e+00	
1285	9.244690e-03	-1.46130e+01	-5.78047e+00	
1286	9.254690e-03	-1.46130e+01	-5.78150e+00	
1287	9.264690e-03	-1.46130e+01	-5.78065e+00	
1288	9.274690e-03	-1.46130e+01	-5.78168e+00	
1289	9.284690e-03	-1.46130e+01	-5.78083e+00	
1290	9.294690e-03	-1.46130e+01	-5.78185e+00	
1291	9.304690e-03	-1.46130e+01	-5.78100e+00	
1292	9.314690e-03	-1.46129e+01	-5.78201e+00	
1293	9.324690e-03	-1.46129e+01	-5.78116e+00	
1294	9.334690e-03	-1.46129e+01	-5.78217e+00	
1295	9.344690e-03	-1.46129e+01	-5.78131e+00	
1296	9.354690e-03	-1.46129e+01	-5.78232e+00	
1297	9.364690e-03	-1.46127e+01	-5.78145e+00	
1298	9.373226e-03	-1.46112e+01	-5.78236e+00	
1299	9.377941e-03	-1.46083e+01	-5.78130e+00	
1300	9.384584e-03	-1.45970e+01	-5.78165e+00	
1301	9.389413e-03	-1.45735e+01	-5.77944e+00	
1302	9.394522e-03	-1.39089e+01	-5.74323e+00	
1303	9.397092e-03	-1.30580e+01	-5.69399e+00	
1304	9.398908e-03	-1.22954e+01	-5.65093e+00	
1305	9.401242e-03	-1.12333e+01	-5.58722e+00	
1306	9.403060e-03	-1.03836e+01	-5.53629e+00	
1307	9.405632e-03	-9.17473e+00	-5.45798e+00	
1308	9.409006e-03	-7.58554e+00	-5.34619e+00	
1309	9.412055e-03	-6.14711e+00	-5.20829e+00	
1310	9.415792e-03	-4.34572e+00	-4.26946e+00	
1311	9.416929e-03	-3.78443e+00	-3.71858e+00	
1312	9.417996e-03	-3.25752e+00	-3.21748e+00	
1313	9.419139e-03	-2.69199e+00	-2.66414e+00	
1314	9.421104e-03	-1.71914e+00	-1.73095e+00	
1315	9.423693e-03	-4.33329e-01	-4.82664e-01	
1316	9.428121e-03	1.771925e+00	1.641711e+00	
1317	9.431575e-03	3.499752e+00	3.316725e+00	
1318	9.434313e-03	4.872914e+00	4.635499e+00	
1319	9.435705e-03	5.561850e+00	5.086322e+00	
1320	9.437029e-03	6.202357e+00	5.199789e+00	
1321	9.438333e-03	6.831275e+00	5.270468e+00	
1322	9.440940e-03	8.087473e+00	5.374318e+00	
1323	9.446155e-03	1.059841e+01	5.543112e+00	
1324	9.454567e-03	1.452678e+01	5.771257e+00	
1325	9.458115e-03	1.460519e+01	5.776468e+00	
1326	9.462239e-03	1.461245e+01	5.776200e+00	
1327	9.466101e-03	1.461390e+01	5.777094e+00	
1328	9.471368e-03	1.461366e+01	5.776436e+00	
1329	9.479821e-03	1.461359e+01	5.777315e+00	
1330	9.489821e-03	1.461358e+01	5.776752e+00	

Index   time            v(5)            v(7)            
--------------------------------------------------------------------------------
1331	9.499821e-03	1.461358e+01	5.777652e+00	
1332	9.509821e-03	1.461358e+01	5.777087e+00	
1333	9.519821e-03	1.461358e+01	5.777976e+00	
1334	9.529821e-03	1.461358e+01	5.777408e+00	
1335	9.539821e-03	1.461358e+01	5.778288e+00	
1336	9.549821e-03	1.461358e+01	5.777717e+00	
1337	9.559821e-03	1.461358e+01	5.778587e+00	
1338	9.569821e-03	1.461358e+01	5.778014e+00	
1339	9.579821e-03	1.461358e+01	5.778875e+00	
1340	9.589821e-03	1.461358e+01	5.778300e+00	
1341	9.599821e-03	1.461358e+01	5.779151e+00	
1342	9.609821e-03	1.461358e+01	5.778574e+00	
1343	9.619821e-03	1.461358e+01	5.779417e+00	
1344	9.629821e-03	1.461358e+01	5.778837e+00	
1345	9.639821e-03	1.461358e+01	5.779672e+00	
1346	9.649821e-03	1.461358e+01	5.779090e+00	
1347	9.659821e-03	1.461358e+01	5.779917e+00	
1348	9.669821e-03	1.461358e+01	5.779333e+00	
1349	9.679821e-03	1.461358e+01	5.780152e+00	
1350	9.689821e-03	1.461358e+01	5.779567e+00	
1351	9.699821e-03	1.461358e+01	5.780378e+00	
1352	9.709821e-03	1.461358e+01	5.779791e+00	
1353	9.719821e-03	1.461358e+01	5.780595e+00	
1354	9.729821e-03	1.461358e+01	5.780007e+00	
1355	9.739821e-03	1.461358e+01	5.780804e+00	
1356	9.749821e-03	1.461358e+01	5.780214e+00	
1357	9.759821e-03	1.461358e+01	5.781004e+00	
1358	9.769821e-03	1.461358e+01	5.780413e+00	
1359	9.779821e-03	1.461358e+01	5.781197e+00	
1360	9.789821e-03	1.461358e+01	5.780605e+00	
1361	9.799821e-03	1.461358e+01	5.781382e+00	
1362	9.809821e-03	1.461358e+01	5.780789e+00	
1363	9.819821e-03	1.461358e+01	5.781560e+00	
1364	9.829821e-03	1.461358e+01	5.780965e+00	
1365	9.839821e-03	1.461358e+01	5.781730e+00	
1366	9.849821e-03	1.461358e+01	5.781135e+00	
1367	9.859821e-03	1.461358e+01	5.781894e+00	
1368	9.869821e-03	1.461358e+01	5.781298e+00	
1369	9.879821e-03	1.461358e+01	5.782052e+00	
1370	9.889821e-03	1.461358e+01	5.781455e+00	
1371	9.899821e-03	1.461357e+01	5.782203e+00	
1372	9.909821e-03	1.461344e+01	5.781598e+00	
1373	9.919821e-03	1.461199e+01	5.782260e+00	
1374	9.924755e-03	1.460927e+01	5.781475e+00	
1375	9.930598e-03	1.460057e+01	5.781699e+00	
1376	9.935758e-03	1.458046e+01	5.779950e+00	
1377	9.941135e-03	1.404556e+01	5.750743e+00	
1378	9.943843e-03	1.320120e+01	5.702310e+00	
1379	9.945477e-03	1.252224e+01	5.663955e+00	
1380	9.947948e-03	1.138516e+01	5.596464e+00	
1381	9.949740e-03	1.052769e+01	5.545061e+00	
1382	9.952082e-03	9.398771e+00	5.472857e+00	
1383	9.955274e-03	7.856036e+00	5.366577e+00	
1384	9.960230e-03	5.454581e+00	5.090282e+00	
1385	9.964006e-03	3.560117e+00	3.512982e+00	
1386	9.965884e-03	2.610932e+00	2.582387e+00	
1387	9.967630e-03	1.730174e+00	1.744513e+00	
1388	9.969428e-03	8.214188e-01	8.545430e-01	

Index   time            v(5)            v(7)            
--------------------------------------------------------------------------------
1389	9.973025e-03	-9.93988e-01	-8.87669e-01	
1390	9.977804e-03	-3.40706e+00	-3.23021e+00	
1391	9.980694e-03	-4.86456e+00	-4.62138e+00	
1392	9.982303e-03	-5.66224e+00	-5.11154e+00	
1393	9.983454e-03	-6.21991e+00	-5.20168e+00	
1394	9.984642e-03	-6.79487e+00	-5.26669e+00	
1395	9.986676e-03	-7.77735e+00	-5.35017e+00	
1396	9.990382e-03	-9.56500e+00	-5.47722e+00	
1397	9.997427e-03	-1.29602e+01	-5.68254e+00	
1398	1.000000e-02	-1.41994e+01	-5.75378e+00	