                                 scmitt trigger
                                 Transient Analysis  Sat Feb  5 00:35:43  2022
--------------------------------------------------------------------------------
Index   time            v(2)            v(7)            
--------------------------------------------------------------------------------
0	0.000000e+00	0.000000e+00	7.587348e-04	
1	1.000000e-07	3.769911e-03	-1.82368e-04	
2	1.007287e-07	3.797381e-03	-1.89276e-04	
3	1.021860e-07	3.852320e-03	-2.03193e-04	
4	1.051006e-07	3.962200e-03	-2.31644e-04	
5	1.109299e-07	4.181958e-03	-2.91108e-04	
6	1.225884e-07	4.621475e-03	-4.21034e-04	
7	1.459056e-07	5.500509e-03	-7.31019e-04	
8	1.925398e-07	7.258577e-03	-1.59875e-03	
9	2.542399e-07	9.584614e-03	-3.38223e-03	
10	3.262441e-07	1.229910e-02	-6.60535e-03	
11	4.009303e-07	1.511470e-02	-1.15162e-02	
12	4.898159e-07	1.846560e-02	-1.98560e-02	
13	6.059280e-07	2.284289e-02	-3.56866e-02	
14	7.560808e-07	2.850347e-02	-6.61613e-02	
15	9.309254e-07	3.509486e-02	-1.17463e-01	
16	1.118101e-06	4.215109e-02	-1.89369e-01	
17	1.289183e-06	4.860053e-02	-2.65128e-01	
18	1.466468e-06	5.528374e-02	-3.47723e-01	
19	1.705871e-06	6.430860e-02	-4.60763e-01	
20	1.941070e-06	7.317480e-02	-5.71965e-01	
21	2.408506e-06	9.079506e-02	-7.90423e-01	
22	2.832238e-06	1.067672e-01	-9.83886e-01	
23	3.295282e-06	1.242203e-01	-1.20131e+00	
24	3.642229e-06	1.372968e-01	-1.36643e+00	
25	4.165181e-06	1.570057e-01	-1.61541e+00	
26	4.738336e-06	1.786047e-01	-1.88800e+00	
27	5.884647e-06	2.217954e-01	-2.43300e+00	
28	8.177267e-06	3.081401e-01	-3.52211e+00	
29	9.332273e-06	3.516168e-01	-4.07050e+00	
30	1.032733e-05	3.890581e-01	-4.54311e+00	
31	1.091877e-05	4.113052e-01	-4.82090e+00	
32	1.133916e-05	4.271148e-01	-4.97506e+00	
33	1.186332e-05	4.468226e-01	-5.07596e+00	
34	1.228385e-05	4.626307e-01	-5.12493e+00	
35	1.276483e-05	4.807069e-01	-5.16557e+00	
36	1.367058e-05	5.147352e-01	-5.22312e+00	
37	1.509027e-05	5.680377e-01	-5.29152e+00	
38	1.785903e-05	6.718577e-01	-5.39638e+00	
39	2.339657e-05	8.788564e-01	-5.56907e+00	
40	2.842448e-05	1.065890e+00	-5.70947e+00	
41	3.175606e-05	1.189247e+00	-5.77218e+00	
42	3.563671e-05	1.332274e+00	-5.77423e+00	
43	3.855634e-05	1.439364e+00	-5.77437e+00	
44	4.172567e-05	1.555063e+00	-5.77446e+00	
45	4.734579e-05	1.758685e+00	-5.77441e+00	
46	5.656961e-05	2.088003e+00	-5.77448e+00	
47	6.656961e-05	2.437077e+00	-5.77442e+00	
48	7.656961e-05	2.776533e+00	-5.77448e+00	
49	8.656961e-05	3.105032e+00	-5.77442e+00	
50	9.656961e-05	3.421276e+00	-5.77448e+00	
51	1.065696e-04	3.724019e+00	-5.77443e+00	
52	1.165696e-04	4.012064e+00	-5.77449e+00	
53	1.265696e-04	4.284275e+00	-5.77443e+00	
54	1.365696e-04	4.539579e+00	-5.77449e+00	

Index   time            v(2)            v(7)            
--------------------------------------------------------------------------------
55	1.465696e-04	4.776967e+00	-5.77444e+00	
56	1.565696e-04	4.995502e+00	-5.77449e+00	
57	1.665696e-04	5.194322e+00	-5.77444e+00	
58	1.765696e-04	5.372643e+00	-5.77450e+00	
59	1.865696e-04	5.529760e+00	-5.77445e+00	
60	1.965696e-04	5.665054e+00	-5.77450e+00	
61	2.065696e-04	5.777990e+00	-5.77445e+00	
62	2.165696e-04	5.868124e+00	-5.77450e+00	
63	2.265696e-04	5.935098e+00	-5.77445e+00	
64	2.365696e-04	5.978650e+00	-5.77450e+00	
65	2.465696e-04	5.998606e+00	-5.77445e+00	
66	2.565696e-04	5.994889e+00	-5.77450e+00	
67	2.665696e-04	5.967513e+00	-5.77445e+00	
68	2.765696e-04	5.916585e+00	-5.77450e+00	
69	2.865696e-04	5.842308e+00	-5.77445e+00	
70	2.965696e-04	5.744973e+00	-5.77450e+00	
71	3.065696e-04	5.624966e+00	-5.77445e+00	
72	3.165696e-04	5.482760e+00	-5.77449e+00	
73	3.265696e-04	5.318916e+00	-5.77445e+00	
74	3.365696e-04	5.134080e+00	-5.77449e+00	
75	3.465696e-04	4.928982e+00	-5.77445e+00	
76	3.565696e-04	4.704433e+00	-5.77449e+00	
77	3.665696e-04	4.461316e+00	-5.77444e+00	
78	3.765696e-04	4.200593e+00	-5.77448e+00	
79	3.865696e-04	3.923293e+00	-5.77444e+00	
80	3.965696e-04	3.630508e+00	-5.77448e+00	
81	4.065696e-04	3.323396e+00	-5.77444e+00	
82	4.165696e-04	3.003168e+00	-5.77447e+00	
83	4.265696e-04	2.671088e+00	-5.77443e+00	
84	4.365696e-04	2.328466e+00	-5.77447e+00	
85	4.465696e-04	1.976655e+00	-5.77443e+00	
86	4.565696e-04	1.617043e+00	-5.77446e+00	
87	4.665696e-04	1.251049e+00	-5.77442e+00	
88	4.765696e-04	8.801176e-01	-5.77445e+00	
89	4.865696e-04	5.057130e-01	-5.77442e+00	
90	4.965696e-04	1.293125e-01	-5.77445e+00	
91	5.065696e-04	-2.47598e-01	-5.77441e+00	
92	5.165696e-04	-6.23532e-01	-5.77444e+00	
93	5.265696e-04	-9.97005e-01	-5.77441e+00	
94	5.365696e-04	-1.36654e+00	-5.77444e+00	
95	5.465696e-04	-1.73069e+00	-5.77440e+00	
96	5.565696e-04	-2.08800e+00	-5.77443e+00	
97	5.665696e-04	-2.43708e+00	-5.77439e+00	
98	5.765696e-04	-2.77653e+00	-5.77436e+00	
99	5.794190e-04	-2.87131e+00	-5.77392e+00	
100	5.821042e-04	-2.95978e+00	-5.77160e+00	
101	5.827985e-04	-2.98252e+00	-5.76628e+00	
102	5.839430e-04	-3.01988e+00	-5.73852e+00	
103	5.847310e-04	-3.04551e+00	-5.71772e+00	
104	5.859318e-04	-3.08443e+00	-5.68566e+00	
105	5.870501e-04	-3.12052e+00	-5.65521e+00	
106	5.890828e-04	-3.18571e+00	-5.59905e+00	
107	5.929229e-04	-3.30745e+00	-5.48750e+00	
108	5.983861e-04	-3.47731e+00	-5.30054e+00	
109	6.024521e-04	-3.60108e+00	-4.96529e+00	
110	6.049161e-04	-3.67494e+00	-3.87259e+00	
111	6.071504e-04	-3.74116e+00	-2.81188e+00	
112	6.088389e-04	-3.79072e+00	-2.02635e+00	

Index   time            v(2)            v(7)            
--------------------------------------------------------------------------------
113	6.106432e-04	-3.84320e+00	-1.16573e+00	
114	6.142519e-04	-3.94667e+00	5.331970e-01	
115	6.194206e-04	-4.09133e+00	2.998856e+00	
116	6.230685e-04	-4.19084e+00	4.729291e+00	
117	6.251606e-04	-4.24692e+00	5.171458e+00	
118	6.272203e-04	-4.30141e+00	5.284136e+00	
119	6.299237e-04	-4.37184e+00	5.390071e+00	
120	6.327931e-04	-4.44521e+00	5.482609e+00	
121	6.385319e-04	-4.58760e+00	5.652117e+00	
122	6.432694e-04	-4.70066e+00	5.770180e+00	
123	6.463251e-04	-4.77138e+00	5.774460e+00	
124	6.492742e-04	-4.83797e+00	5.773872e+00	
125	6.523625e-04	-4.90591e+00	5.774954e+00	
126	6.575250e-04	-5.01536e+00	5.773947e+00	
127	6.645751e-04	-5.15628e+00	5.774945e+00	
128	6.744348e-04	-5.33633e+00	5.773947e+00	
129	6.844348e-04	-5.49803e+00	5.774942e+00	
130	6.944348e-04	-5.63803e+00	5.773949e+00	
131	7.044348e-04	-5.75578e+00	5.774939e+00	
132	7.144348e-04	-5.85082e+00	5.773952e+00	
133	7.244348e-04	-5.92276e+00	5.774937e+00	
134	7.344348e-04	-5.97133e+00	5.773954e+00	
135	7.444348e-04	-5.99633e+00	5.774935e+00	
136	7.544348e-04	-5.99767e+00	5.773956e+00	
137	7.644348e-04	-5.97534e+00	5.774932e+00	
138	7.744348e-04	-5.92943e+00	5.773958e+00	
139	7.844348e-04	-5.86011e+00	5.774930e+00	
140	7.944348e-04	-5.76767e+00	5.773960e+00	
141	8.044348e-04	-5.65247e+00	5.774928e+00	
142	8.144348e-04	-5.51496e+00	5.773962e+00	
143	8.244348e-04	-5.35568e+00	5.774926e+00	
144	8.344348e-04	-5.17527e+00	5.773964e+00	
145	8.444348e-04	-4.97443e+00	5.774924e+00	
146	8.544348e-04	-4.75396e+00	5.773966e+00	
147	8.644348e-04	-4.51473e+00	5.774922e+00	
148	8.744348e-04	-4.25768e+00	5.773968e+00	
149	8.844348e-04	-3.98383e+00	5.774920e+00	
150	8.944348e-04	-3.69426e+00	5.773970e+00	
151	9.044348e-04	-3.39010e+00	5.774918e+00	
152	9.144348e-04	-3.07257e+00	5.773972e+00	
153	9.244348e-04	-2.74291e+00	5.774917e+00	
154	9.344348e-04	-2.40243e+00	5.773974e+00	
155	9.444348e-04	-2.05246e+00	5.774915e+00	
156	9.544348e-04	-1.69440e+00	5.773975e+00	
157	9.644348e-04	-1.32965e+00	5.774913e+00	
158	9.744348e-04	-9.59647e-01	5.773977e+00	
159	9.844348e-04	-5.85861e-01	5.774911e+00	
160	9.944348e-04	-2.09762e-01	5.773979e+00	
161	1.004435e-03	1.671651e-01	5.774910e+00	
162	1.014435e-03	5.434321e-01	5.773980e+00	
163	1.024435e-03	9.175544e-01	5.774908e+00	
164	1.034435e-03	1.288056e+00	5.773982e+00	
165	1.044435e-03	1.653473e+00	5.774907e+00	
166	1.054435e-03	2.012366e+00	5.773983e+00	
167	1.064435e-03	2.363316e+00	5.774905e+00	
168	1.074435e-03	2.704940e+00	5.773980e+00	
169	1.077742e-03	2.815635e+00	5.774771e+00	
170	1.079202e-03	2.864114e+00	5.773614e+00	

Index   time            v(2)            v(7)            
--------------------------------------------------------------------------------
171	1.080655e-03	2.912138e+00	5.773845e+00	
172	1.081270e-03	2.932384e+00	5.772394e+00	
173	1.082047e-03	2.957922e+00	5.771872e+00	
174	1.083113e-03	2.992797e+00	5.755392e+00	
175	1.084435e-03	3.035900e+00	5.721597e+00	
176	1.085435e-03	3.068368e+00	5.693219e+00	
177	1.086665e-03	3.108112e+00	5.659786e+00	
178	1.087799e-03	3.144608e+00	5.626858e+00	
179	1.090068e-03	3.217117e+00	5.561961e+00	
180	1.092488e-03	3.293761e+00	5.487759e+00	
181	1.096799e-03	3.428363e+00	5.343325e+00	
182	1.100657e-03	3.546724e+00	5.136612e+00	
183	1.104412e-03	3.659894e+00	3.748449e+00	
184	1.105847e-03	3.702614e+00	3.042040e+00	
185	1.107288e-03	3.745218e+00	2.358090e+00	
186	1.108809e-03	3.789835e+00	1.612020e+00	
187	1.111715e-03	3.874124e+00	2.186153e-01	
188	1.115435e-03	3.980148e+00	-1.59009e+00	
189	1.121002e-03	4.134735e+00	-4.27196e+00	
190	1.122643e-03	4.179353e+00	-4.99647e+00	
191	1.123978e-03	4.215310e+00	-5.16645e+00	
192	1.125346e-03	4.251863e+00	-5.25039e+00	
193	1.127368e-03	4.305299e+00	-5.33779e+00	
194	1.129441e-03	4.359351e+00	-5.41370e+00	
195	1.132424e-03	4.435862e+00	-5.50989e+00	
196	1.136137e-03	4.528906e+00	-5.62116e+00	
197	1.141117e-03	4.649811e+00	-5.75921e+00	
198	1.143848e-03	4.714183e+00	-5.77406e+00	
199	1.146941e-03	4.785435e+00	-5.77371e+00	
200	1.150189e-03	4.858288e+00	-5.77497e+00	
201	1.154934e-03	4.961083e+00	-5.77389e+00	
202	1.160953e-03	5.085126e+00	-5.77504e+00	
203	1.170953e-03	5.275053e+00	-5.77390e+00	
204	1.180953e-03	5.444161e+00	-5.77504e+00	
205	1.190953e-03	5.591784e+00	-5.77391e+00	
206	1.200953e-03	5.717338e+00	-5.77504e+00	
207	1.210953e-03	5.820329e+00	-5.77391e+00	
208	1.220953e-03	5.900349e+00	-5.77504e+00	
209	1.230953e-03	5.957084e+00	-5.77391e+00	
210	1.240953e-03	5.990309e+00	-5.77504e+00	
211	1.250953e-03	5.999892e+00	-5.77392e+00	
212	1.260953e-03	5.985797e+00	-5.77503e+00	
213	1.270953e-03	5.948079e+00	-5.77392e+00	
214	1.280953e-03	5.886886e+00	-5.77503e+00	
215	1.290953e-03	5.802461e+00	-5.77392e+00	
216	1.300953e-03	5.695135e+00	-5.77503e+00	
217	1.310953e-03	5.565334e+00	-5.77392e+00	
218	1.320953e-03	5.413569e+00	-5.77502e+00	
219	1.330953e-03	5.240439e+00	-5.77392e+00	
220	1.340953e-03	5.046627e+00	-5.77502e+00	
221	1.350953e-03	4.832899e+00	-5.77392e+00	
222	1.360953e-03	4.600097e+00	-5.77501e+00	
223	1.370953e-03	4.349141e+00	-5.77392e+00	
224	1.380953e-03	4.081021e+00	-5.77501e+00	
225	1.390953e-03	3.796795e+00	-5.77391e+00	
226	1.400953e-03	3.497585e+00	-5.77500e+00	
227	1.410953e-03	3.184571e+00	-5.77391e+00	
228	1.420953e-03	2.858989e+00	-5.77500e+00	

Index   time            v(2)            v(7)            
--------------------------------------------------------------------------------
229	1.430953e-03	2.522124e+00	-5.77391e+00	
230	1.440953e-03	2.175306e+00	-5.77499e+00	
231	1.450953e-03	1.819902e+00	-5.77390e+00	
232	1.460953e-03	1.457317e+00	-5.77498e+00	
233	1.470953e-03	1.088979e+00	-5.77390e+00	
234	1.480953e-03	7.163446e-01	-5.77498e+00	
235	1.490953e-03	3.408826e-01	-5.77389e+00	
236	1.500953e-03	-3.59246e-02	-5.77497e+00	
237	1.510953e-03	-4.12590e-01	-5.77389e+00	
238	1.520953e-03	-7.87627e-01	-5.77496e+00	
239	1.530953e-03	-1.15956e+00	-5.77389e+00	
240	1.540953e-03	-1.52691e+00	-5.77495e+00	
241	1.550953e-03	-1.88824e+00	-5.77388e+00	
242	1.560953e-03	-2.24211e+00	-5.77495e+00	
243	1.570953e-03	-2.58714e+00	-5.77388e+00	
244	1.574758e-03	-2.71582e+00	-5.77494e+00	
245	1.577193e-03	-2.79735e+00	-5.77382e+00	
246	1.578434e-03	-2.83864e+00	-5.77475e+00	
247	1.579612e-03	-2.87769e+00	-5.77342e+00	
248	1.580199e-03	-2.89709e+00	-5.77418e+00	
249	1.580773e-03	-2.91601e+00	-5.77281e+00	
250	1.581411e-03	-2.93702e+00	-5.77318e+00	
251	1.582092e-03	-2.95937e+00	-5.77089e+00	
252	1.583227e-03	-2.99654e+00	-5.75451e+00	
253	1.584808e-03	-3.04802e+00	-5.71290e+00	
254	1.585730e-03	-3.07791e+00	-5.68919e+00	
255	1.586882e-03	-3.11512e+00	-5.65696e+00	
256	1.588494e-03	-3.16689e+00	-5.61350e+00	
257	1.591718e-03	-3.26946e+00	-5.52036e+00	
258	1.596200e-03	-3.40983e+00	-5.38071e+00	
259	1.599731e-03	-3.51849e+00	-5.23454e+00	
260	1.602605e-03	-3.60568e+00	-4.89299e+00	
261	1.604055e-03	-3.64924e+00	-4.22821e+00	
262	1.605508e-03	-3.69256e+00	-3.55051e+00	
263	1.606696e-03	-3.72776e+00	-2.98788e+00	
264	1.607880e-03	-3.76262e+00	-2.43439e+00	
265	1.610247e-03	-3.83171e+00	-1.31473e+00	
266	1.613950e-03	-3.93808e+00	4.338230e-01	
267	1.621355e-03	-4.14438e+00	3.960869e+00	
268	1.625049e-03	-4.24395e+00	5.168079e+00	
269	1.628514e-03	-4.33527e+00	5.341420e+00	
270	1.631404e-03	-4.40987e+00	5.442042e+00	
271	1.634717e-03	-4.49361e+00	5.545744e+00	
272	1.641344e-03	-4.65521e+00	5.731535e+00	
273	1.644961e-03	-4.74003e+00	5.773534e+00	
274	1.649478e-03	-4.84251e+00	5.774161e+00	
275	1.652857e-03	-4.91662e+00	5.774670e+00	
276	1.656940e-03	-5.00322e+00	5.774190e+00	
277	1.663282e-03	-5.13119e+00	5.774691e+00	
278	1.673282e-03	-5.31633e+00	5.774198e+00	
279	1.683282e-03	-5.48049e+00	5.774691e+00	
280	1.693282e-03	-5.62302e+00	5.774198e+00	
281	1.703282e-03	-5.74336e+00	5.774690e+00	
282	1.713282e-03	-5.84103e+00	5.774199e+00	
283	1.723282e-03	-5.91565e+00	5.774690e+00	
284	1.733282e-03	-5.96693e+00	5.774199e+00	
285	1.743282e-03	-5.99466e+00	5.774689e+00	
286	1.753282e-03	-5.99872e+00	5.774200e+00	

Index   time            v(2)            v(7)            
--------------------------------------------------------------------------------
287	1.763282e-03	-5.97912e+00	5.774689e+00	
288	1.773282e-03	-5.93592e+00	5.774200e+00	
289	1.783282e-03	-5.86929e+00	5.774688e+00	
290	1.793282e-03	-5.77949e+00	5.774201e+00	
291	1.803282e-03	-5.66689e+00	5.774687e+00	
292	1.813282e-03	-5.53193e+00	5.774201e+00	
293	1.823282e-03	-5.37513e+00	5.774687e+00	
294	1.833282e-03	-5.19712e+00	5.774202e+00	
295	1.843282e-03	-4.99859e+00	5.774686e+00	
296	1.853282e-03	-4.78035e+00	5.774202e+00	
297	1.863282e-03	-4.54323e+00	5.774686e+00	
298	1.873282e-03	-4.28819e+00	5.774203e+00	
299	1.883282e-03	-4.01622e+00	5.774685e+00	
300	1.893282e-03	-3.72840e+00	5.774203e+00	
301	1.903282e-03	-3.42587e+00	5.774685e+00	
302	1.913282e-03	-3.10981e+00	5.774204e+00	
303	1.923282e-03	-2.78149e+00	5.774684e+00	
304	1.933282e-03	-2.44218e+00	5.774204e+00	
305	1.943282e-03	-2.09324e+00	5.774684e+00	
306	1.953282e-03	-1.73604e+00	5.774205e+00	
307	1.963282e-03	-1.37198e+00	5.774684e+00	
308	1.973282e-03	-1.00251e+00	5.774205e+00	
309	1.983282e-03	-6.29090e-01	5.774683e+00	
310	1.993282e-03	-2.53182e-01	5.774206e+00	
311	2.003282e-03	1.237254e-01	5.774683e+00	
312	2.013282e-03	5.001443e-01	5.774206e+00	
313	2.023282e-03	8.745893e-01	5.774682e+00	
314	2.033282e-03	1.245583e+00	5.774207e+00	
315	2.043282e-03	1.611660e+00	5.774682e+00	
316	2.053282e-03	1.971378e+00	5.774207e+00	
317	2.063282e-03	2.323315e+00	5.774681e+00	
318	2.073282e-03	2.666083e+00	5.774207e+00	
319	2.077086e-03	2.793760e+00	5.774608e+00	
320	2.078654e-03	2.845945e+00	5.773970e+00	
321	2.080215e-03	2.897634e+00	5.773911e+00	
322	2.080833e-03	2.917998e+00	5.773048e+00	
323	2.081539e-03	2.941213e+00	5.772714e+00	
324	2.082391e-03	2.969168e+00	5.769758e+00	
325	2.083415e-03	3.002661e+00	5.748880e+00	
326	2.084894e-03	3.050802e+00	5.708824e+00	
327	2.085891e-03	3.083115e+00	5.681760e+00	
328	2.087035e-03	3.120044e+00	5.649175e+00	
329	2.088699e-03	3.173443e+00	5.602260e+00	
330	2.092026e-03	3.279195e+00	5.502849e+00	
331	2.096057e-03	3.405373e+00	5.371071e+00	
332	2.100110e-03	3.530070e+00	5.181107e+00	
333	2.102299e-03	3.596459e+00	4.768431e+00	
334	2.104859e-03	3.673254e+00	3.532562e+00	
335	2.106838e-03	3.731934e+00	2.580429e+00	
336	2.108942e-03	3.793717e+00	1.560678e+00	
337	2.111225e-03	3.860014e+00	4.603442e-01	
338	2.115792e-03	3.990211e+00	-1.75014e+00	
339	2.120562e-03	4.122696e+00	-4.05398e+00	
340	2.122986e-03	4.188604e+00	-5.06011e+00	
341	2.125456e-03	4.254778e+00	-5.25466e+00	
342	2.127739e-03	4.315027e+00	-5.35161e+00	
343	2.130196e-03	4.378872e+00	-5.43821e+00	
344	2.135110e-03	4.503417e+00	-5.58931e+00	

Index   time            v(2)            v(7)            
--------------------------------------------------------------------------------
345	2.141979e-03	4.670278e+00	-5.77066e+00	
346	2.145309e-03	4.748069e+00	-5.77392e+00	
347	2.149063e-03	4.833253e+00	-5.77451e+00	
348	2.152601e-03	4.911083e+00	-5.77435e+00	
349	2.157879e-03	5.022682e+00	-5.77459e+00	
350	2.165697e-03	5.177772e+00	-5.77435e+00	
351	2.175193e-03	5.349339e+00	-5.77459e+00	
352	2.185193e-03	5.509414e+00	-5.77435e+00	
353	2.195193e-03	5.647746e+00	-5.77460e+00	
354	2.205193e-03	5.763788e+00	-5.77435e+00	
355	2.215193e-03	5.857084e+00	-5.77460e+00	
356	2.225193e-03	5.927264e+00	-5.77435e+00	
357	2.235193e-03	5.974052e+00	-5.77460e+00	
358	2.245193e-03	5.997264e+00	-5.77435e+00	
359	2.255193e-03	5.996806e+00	-5.77461e+00	
360	2.265193e-03	5.972683e+00	-5.77435e+00	
361	2.275193e-03	5.924987e+00	-5.77461e+00	
362	2.285193e-03	5.853909e+00	-5.77434e+00	
363	2.295193e-03	5.759727e+00	-5.77461e+00	
364	2.305193e-03	5.642815e+00	-5.77434e+00	
365	2.315193e-03	5.503633e+00	-5.77461e+00	
366	2.325193e-03	5.342731e+00	-5.77434e+00	
367	2.335193e-03	5.160744e+00	-5.77460e+00	
368	2.345193e-03	4.958389e+00	-5.77433e+00	
369	2.355193e-03	4.736466e+00	-5.77460e+00	
370	2.365193e-03	4.495850e+00	-5.77433e+00	
371	2.375193e-03	4.237492e+00	-5.77460e+00	
372	2.385193e-03	3.962409e+00	-5.77432e+00	
373	2.395193e-03	3.671689e+00	-5.77460e+00	
374	2.405193e-03	3.366479e+00	-5.77432e+00	
375	2.415193e-03	3.047982e+00	-5.77459e+00	
376	2.425193e-03	2.717457e+00	-5.77431e+00	
377	2.435193e-03	2.376207e+00	-5.77459e+00	
378	2.445193e-03	2.025579e+00	-5.77431e+00	
379	2.455193e-03	1.666957e+00	-5.77458e+00	
380	2.465193e-03	1.301756e+00	-5.77430e+00	
381	2.475193e-03	9.314181e-01	-5.77458e+00	
382	2.485193e-03	5.574042e-01	-5.77429e+00	
383	2.495193e-03	1.811904e-01	-5.77457e+00	
384	2.505193e-03	-1.95738e-01	-5.77429e+00	
385	2.515193e-03	-5.71895e-01	-5.77457e+00	
386	2.525193e-03	-9.45794e-01	-5.77428e+00	
387	2.535193e-03	-1.31596e+00	-5.77456e+00	
388	2.545193e-03	-1.68093e+00	-5.77427e+00	
389	2.555193e-03	-2.03927e+00	-5.77456e+00	
390	2.565193e-03	-2.38956e+00	-5.77427e+00	
391	2.575193e-03	-2.73043e+00	-5.77454e+00	
392	2.578018e-03	-2.82484e+00	-5.77411e+00	
393	2.579394e-03	-2.87047e+00	-5.77413e+00	
394	2.580571e-03	-2.90936e+00	-5.77329e+00	
395	2.581170e-03	-2.92908e+00	-5.77310e+00	
396	2.581860e-03	-2.95176e+00	-5.77176e+00	
397	2.582907e-03	-2.98606e+00	-5.76175e+00	
398	2.583976e-03	-3.02095e+00	-5.73493e+00	
399	2.584778e-03	-3.04704e+00	-5.71405e+00	
400	2.585779e-03	-3.07950e+00	-5.68698e+00	
401	2.586878e-03	-3.11498e+00	-5.65743e+00	
402	2.589076e-03	-3.18548e+00	-5.59634e+00	

Index   time            v(2)            v(7)            
--------------------------------------------------------------------------------
403	2.592249e-03	-3.28623e+00	-5.50494e+00	
404	2.598597e-03	-3.48378e+00	-5.28753e+00	
405	2.602925e-03	-3.61531e+00	-4.74947e+00	
406	2.605234e-03	-3.68442e+00	-3.67425e+00	
407	2.607360e-03	-3.74732e+00	-2.67041e+00	
408	2.609469e-03	-3.80909e+00	-1.68049e+00	
409	2.611663e-03	-3.87263e+00	-6.40321e-01	
410	2.616050e-03	-3.99749e+00	1.435491e+00	
411	2.620243e-03	-4.11396e+00	3.435296e+00	
412	2.623626e-03	-4.20587e+00	4.983364e+00	
413	2.626069e-03	-4.27104e+00	5.233486e+00	
414	2.628303e-03	-4.32978e+00	5.332066e+00	
415	2.630902e-03	-4.39703e+00	5.425996e+00	
416	2.636100e-03	-4.52799e+00	5.584781e+00	
417	2.640643e-03	-4.63849e+00	5.714308e+00	
418	2.643494e-03	-4.70592e+00	5.771226e+00	
419	2.647439e-03	-4.79672e+00	5.774683e+00	
420	2.650164e-03	-4.85773e+00	5.773906e+00	
421	2.653221e-03	-4.92447e+00	5.774960e+00	
422	2.658604e-03	-5.03758e+00	5.773926e+00	
423	2.667548e-03	-5.21269e+00	5.774962e+00	
424	2.677548e-03	-5.38897e+00	5.773928e+00	
425	2.687548e-03	-5.54397e+00	5.774960e+00	
426	2.697548e-03	-5.67710e+00	5.773930e+00	
427	2.707548e-03	-5.78782e+00	5.774959e+00	
428	2.717548e-03	-5.87571e+00	5.773931e+00	
429	2.727548e-03	-5.94040e+00	5.774958e+00	
430	2.737548e-03	-5.98165e+00	5.773932e+00	
431	2.747548e-03	-5.99929e+00	5.774956e+00	
432	2.757548e-03	-5.99325e+00	5.773933e+00	
433	2.767548e-03	-5.96357e+00	5.774955e+00	
434	2.777548e-03	-5.91034e+00	5.773934e+00	
435	2.787548e-03	-5.83379e+00	5.774954e+00	
436	2.797548e-03	-5.73422e+00	5.773936e+00	
437	2.807548e-03	-5.61202e+00	5.774953e+00	
438	2.817548e-03	-5.46767e+00	5.773937e+00	
439	2.827548e-03	-5.30174e+00	5.774952e+00	
440	2.837548e-03	-5.11489e+00	5.773938e+00	
441	2.847548e-03	-4.90785e+00	5.774951e+00	
442	2.857548e-03	-4.68144e+00	5.773939e+00	
443	2.867548e-03	-4.43656e+00	5.774949e+00	
444	2.877548e-03	-4.17417e+00	5.773940e+00	
445	2.887548e-03	-3.89530e+00	5.774948e+00	
446	2.897548e-03	-3.60107e+00	5.773941e+00	
447	2.907548e-03	-3.29262e+00	5.774947e+00	
448	2.917548e-03	-2.97117e+00	5.773942e+00	
449	2.927548e-03	-2.63800e+00	5.774946e+00	
450	2.937548e-03	-2.29442e+00	5.773944e+00	
451	2.947548e-03	-1.94178e+00	5.774945e+00	
452	2.957548e-03	-1.58148e+00	5.773945e+00	
453	2.967548e-03	-1.21494e+00	5.774944e+00	
454	2.977548e-03	-8.43605e-01	5.773946e+00	
455	2.987548e-03	-4.68940e-01	5.774943e+00	
456	2.997548e-03	-9.24239e-02	5.773947e+00	
457	3.007548e-03	2.844569e-01	5.774942e+00	
458	3.017548e-03	6.602151e-01	5.773948e+00	
459	3.027548e-03	1.033368e+00	5.774941e+00	
460	3.037548e-03	1.402442e+00	5.773949e+00	

Index   time            v(2)            v(7)            
--------------------------------------------------------------------------------
461	3.047548e-03	1.765982e+00	5.774940e+00	
462	3.057548e-03	2.122552e+00	5.773950e+00	
463	3.067548e-03	2.470745e+00	5.774939e+00	
464	3.073399e-03	2.670021e+00	5.773950e+00	
465	3.076542e-03	2.775622e+00	5.774901e+00	
466	3.078041e-03	2.825573e+00	5.773824e+00	
467	3.079074e-03	2.859887e+00	5.774609e+00	
468	3.079954e-03	2.889015e+00	5.773340e+00	
469	3.080527e-03	2.907901e+00	5.773974e+00	
470	3.081091e-03	2.926496e+00	5.772585e+00	
471	3.081895e-03	2.952928e+00	5.772312e+00	
472	3.082726e-03	2.980139e+00	5.765149e+00	
473	3.084134e-03	3.026099e+00	5.730670e+00	
474	3.085106e-03	3.057685e+00	5.703151e+00	
475	3.086126e-03	3.090715e+00	5.675864e+00	
476	3.087236e-03	3.126495e+00	5.643715e+00	
477	3.089455e-03	3.197597e+00	5.580990e+00	
478	3.091841e-03	3.273351e+00	5.508706e+00	
479	3.096614e-03	3.422636e+00	5.351843e+00	
480	3.101644e-03	3.576664e+00	5.000996e+00	
481	3.105642e-03	3.696526e+00	3.173039e+00	
482	3.107740e-03	3.758503e+00	2.140327e+00	
483	3.109740e-03	3.816993e+00	1.191990e+00	
484	3.111751e-03	3.875168e+00	2.030920e-01	
485	3.115772e-03	3.989654e+00	-1.72419e+00	
486	3.120236e-03	4.113752e+00	-3.89894e+00	
487	3.122146e-03	4.165886e+00	-4.78673e+00	
488	3.123971e-03	4.215126e+00	-5.16514e+00	
489	3.125549e-03	4.257263e+00	-5.25772e+00	
490	3.127089e-03	4.297970e+00	-5.32617e+00	
491	3.128898e-03	4.345270e+00	-5.39398e+00	
492	3.132516e-03	4.438181e+00	-5.51163e+00	
493	3.137546e-03	4.563556e+00	-5.65878e+00	
494	3.141779e-03	4.665543e+00	-5.77012e+00	
495	3.144505e-03	4.729478e+00	-5.77364e+00	
496	3.147459e-03	4.797172e+00	-5.77442e+00	
497	3.150130e-03	4.856980e+00	-5.77430e+00	
498	3.155473e-03	4.972474e+00	-5.77461e+00	
499	3.161569e-03	5.097419e+00	-5.77434e+00	
500	3.171569e-03	5.286084e+00	-5.77460e+00	
501	3.181569e-03	5.453886e+00	-5.77434e+00	
502	3.191569e-03	5.600165e+00	-5.77460e+00	
503	3.201569e-03	5.724342e+00	-5.77434e+00	
504	3.211569e-03	5.825928e+00	-5.77461e+00	
505	3.221569e-03	5.904522e+00	-5.77434e+00	
506	3.231569e-03	5.959813e+00	-5.77461e+00	
507	3.241569e-03	5.991584e+00	-5.77434e+00	
508	3.251569e-03	5.999708e+00	-5.77461e+00	
509	3.261569e-03	5.984155e+00	-5.77434e+00	
510	3.271569e-03	5.944985e+00	-5.77461e+00	
511	3.281569e-03	5.882352e+00	-5.77434e+00	
512	3.291569e-03	5.796505e+00	-5.77461e+00	
513	3.301569e-03	5.687781e+00	-5.77434e+00	
514	3.311569e-03	5.556611e+00	-5.77461e+00	
515	3.321569e-03	5.403511e+00	-5.77434e+00	
516	3.331569e-03	5.229085e+00	-5.77460e+00	
517	3.341569e-03	5.034023e+00	-5.77433e+00	
518	3.351569e-03	4.819094e+00	-5.77460e+00	

Index   time            v(2)            v(7)            
--------------------------------------------------------------------------------
519	3.361569e-03	4.585147e+00	-5.77433e+00	
520	3.371569e-03	4.333103e+00	-5.77460e+00	
521	3.381569e-03	4.063959e+00	-5.77433e+00	
522	3.391569e-03	3.778777e+00	-5.77459e+00	
523	3.401569e-03	3.478681e+00	-5.77432e+00	
524	3.411569e-03	3.164856e+00	-5.77459e+00	
525	3.421569e-03	2.838542e+00	-5.77432e+00	
526	3.431569e-03	2.501025e+00	-5.77458e+00	
527	3.441569e-03	2.153637e+00	-5.77431e+00	
528	3.451569e-03	1.797750e+00	-5.77458e+00	
529	3.461569e-03	1.434768e+00	-5.77431e+00	
530	3.471569e-03	1.066124e+00	-5.77457e+00	
531	3.481569e-03	6.932721e-01	-5.77430e+00	
532	3.491569e-03	3.176843e-01	-5.77457e+00	
533	3.501569e-03	-5.91572e-02	-5.77429e+00	
534	3.511569e-03	-4.35765e-01	-5.77456e+00	
535	3.521569e-03	-8.10654e-01	-5.77429e+00	
536	3.531569e-03	-1.18234e+00	-5.77456e+00	
537	3.541569e-03	-1.54937e+00	-5.77428e+00	
538	3.551569e-03	-1.91027e+00	-5.77455e+00	
539	3.561569e-03	-2.26364e+00	-5.77428e+00	
540	3.571569e-03	-2.60808e+00	-5.77454e+00	
541	3.575374e-03	-2.73651e+00	-5.77426e+00	
542	3.577818e-03	-2.81817e+00	-5.77443e+00	
543	3.578997e-03	-2.85733e+00	-5.77397e+00	
544	3.580168e-03	-2.89608e+00	-5.77382e+00	
545	3.580719e-03	-2.91424e+00	-5.77321e+00	
546	3.581341e-03	-2.93472e+00	-5.77290e+00	
547	3.582229e-03	-2.96386e+00	-5.77076e+00	
548	3.583092e-03	-2.99212e+00	-5.75768e+00	
549	3.584774e-03	-3.04692e+00	-5.71452e+00	
550	3.585725e-03	-3.07774e+00	-5.68935e+00	
551	3.586896e-03	-3.11555e+00	-5.65732e+00	
552	3.588288e-03	-3.16028e+00	-5.61928e+00	
553	3.590881e-03	-3.24294e+00	-5.54555e+00	
554	3.593815e-03	-3.33545e+00	-5.45795e+00	
555	3.599358e-03	-3.50711e+00	-5.25432e+00	
556	3.603129e-03	-3.62145e+00	-4.66839e+00	
557	3.606435e-03	-3.72003e+00	-3.11941e+00	
558	3.609526e-03	-3.81077e+00	-1.66202e+00	
559	3.612407e-03	-3.89401e+00	-3.02000e-01	
560	3.615867e-03	-3.99234e+00	1.339561e+00	
561	3.622789e-03	-4.18328e+00	4.636986e+00	
562	3.625441e-03	-4.25438e+00	5.195012e+00	
563	3.628086e-03	-4.32412e+00	5.322877e+00	
564	3.631022e-03	-4.40009e+00	5.429214e+00	
565	3.634500e-03	-4.48818e+00	5.539048e+00	
566	3.639262e-03	-4.60530e+00	5.676045e+00	
567	3.643398e-03	-4.70368e+00	5.771016e+00	
568	3.647062e-03	-4.78818e+00	5.774366e+00	
569	3.650073e-03	-4.85572e+00	5.774047e+00	
570	3.653293e-03	-4.92604e+00	5.774717e+00	
571	3.658570e-03	-5.03688e+00	5.774156e+00	
572	3.666946e-03	-5.20141e+00	5.774735e+00	
573	3.676946e-03	-5.37894e+00	5.774155e+00	
574	3.686946e-03	-5.53525e+00	5.774733e+00	
575	3.696946e-03	-5.66971e+00	5.774157e+00	
576	3.706946e-03	-5.78180e+00	5.774731e+00	

Index   time            v(2)            v(7)            
--------------------------------------------------------------------------------
577	3.716946e-03	-5.87107e+00	5.774158e+00	
578	3.726946e-03	-5.93716e+00	5.774730e+00	
579	3.736946e-03	-5.97983e+00	5.774159e+00	
580	3.746946e-03	-5.99890e+00	5.774729e+00	
581	3.756946e-03	-5.99429e+00	5.774161e+00	
582	3.766946e-03	-5.96602e+00	5.774728e+00	
583	3.776946e-03	-5.91421e+00	5.774162e+00	
584	3.786946e-03	-5.83906e+00	5.774726e+00	
585	3.796946e-03	-5.74087e+00	5.774163e+00	
586	3.806946e-03	-5.62001e+00	5.774725e+00	
587	3.816946e-03	-5.47698e+00	5.774164e+00	
588	3.826946e-03	-5.31234e+00	5.774724e+00	
589	3.836946e-03	-5.12672e+00	5.774165e+00	
590	3.846946e-03	-4.92088e+00	5.774723e+00	
591	3.856946e-03	-4.69561e+00	5.774167e+00	
592	3.866946e-03	-4.45182e+00	5.774722e+00	
593	3.876946e-03	-4.19045e+00	5.774168e+00	
594	3.886946e-03	-3.91255e+00	5.774721e+00	
595	3.896946e-03	-3.61920e+00	5.774169e+00	
596	3.906946e-03	-3.31158e+00	5.774719e+00	
597	3.916946e-03	-2.99088e+00	5.774170e+00	
598	3.926946e-03	-2.65838e+00	5.774718e+00	
599	3.936946e-03	-2.31538e+00	5.774171e+00	
600	3.946946e-03	-1.96325e+00	5.774717e+00	
601	3.956946e-03	-1.60338e+00	5.774172e+00	
602	3.966946e-03	-1.23717e+00	5.774716e+00	
603	3.976946e-03	-8.66082e-01	5.774173e+00	
604	3.986946e-03	-4.91575e-01	5.774715e+00	
605	3.996946e-03	-1.15129e-01	5.774174e+00	
606	4.006946e-03	2.617720e-01	5.774714e+00	
607	4.016946e-03	6.376399e-01	5.774175e+00	
608	4.026946e-03	1.010991e+00	5.774714e+00	
609	4.036946e-03	1.380353e+00	5.774176e+00	
610	4.046946e-03	1.744267e+00	5.774713e+00	
611	4.056946e-03	2.101297e+00	5.774176e+00	
612	4.066946e-03	2.450034e+00	5.774712e+00	
613	4.074931e-03	2.721616e+00	5.774169e+00	
614	4.077625e-03	2.811752e+00	5.774604e+00	
615	4.078885e-03	2.853622e+00	5.773898e+00	
616	4.080301e-03	2.900446e+00	5.773894e+00	
617	4.080873e-03	2.919303e+00	5.772992e+00	
618	4.081586e-03	2.942786e+00	5.772669e+00	
619	4.082437e-03	2.970685e+00	5.769425e+00	
620	4.083504e-03	3.005565e+00	5.746732e+00	
621	4.084802e-03	3.047821e+00	5.711359e+00	
622	4.085755e-03	3.078704e+00	5.685629e+00	
623	4.086889e-03	3.115340e+00	5.653321e+00	
624	4.088591e-03	3.169994e+00	5.605448e+00	
625	4.091947e-03	3.276701e+00	5.505318e+00	
626	4.096497e-03	3.419015e+00	5.355588e+00	
627	4.100937e-03	3.555224e+00	5.110883e+00	
628	4.103167e-03	3.622585e+00	4.358537e+00	
629	4.104606e-03	3.665708e+00	3.652055e+00	
630	4.105558e-03	3.694044e+00	3.202464e+00	
631	4.106555e-03	3.723578e+00	2.712102e+00	
632	4.108238e-03	3.773128e+00	1.907055e+00	
633	4.110132e-03	3.828378e+00	9.842223e-01	
634	4.113406e-03	3.922599e+00	-5.90880e-01	

Index   time            v(2)            v(7)            
--------------------------------------------------------------------------------
635	4.119402e-03	4.090806e+00	-3.49690e+00	
636	4.122909e-03	4.186546e+00	-5.04505e+00	
637	4.125968e-03	4.268363e+00	-5.27939e+00	
638	4.128915e-03	4.345704e+00	-5.39361e+00	
639	4.131714e-03	4.417781e+00	-5.48740e+00	
640	4.137311e-03	4.557815e+00	-5.65222e+00	
641	4.140867e-03	4.643838e+00	-5.75252e+00	
642	4.143430e-03	4.704416e+00	-5.77272e+00	
643	4.146516e-03	4.775744e+00	-5.77466e+00	
644	4.149959e-03	4.853197e+00	-5.77390e+00	
645	4.153347e-03	4.927190e+00	-5.77495e+00	
646	4.159796e-03	5.061849e+00	-5.77398e+00	
647	4.168613e-03	5.232451e+00	-5.77496e+00	
648	4.178613e-03	5.406493e+00	-5.77398e+00	
649	4.188613e-03	5.559199e+00	-5.77497e+00	
650	4.198613e-03	5.689965e+00	-5.77398e+00	
651	4.208613e-03	5.798275e+00	-5.77497e+00	
652	4.218613e-03	5.883702e+00	-5.77398e+00	
653	4.228613e-03	5.945909e+00	-5.77497e+00	
654	4.238613e-03	5.984650e+00	-5.77398e+00	
655	4.248613e-03	5.999772e+00	-5.77497e+00	
656	4.258613e-03	5.991216e+00	-5.77398e+00	
657	4.268613e-03	5.959015e+00	-5.77497e+00	
658	4.278613e-03	5.903297e+00	-5.77398e+00	
659	4.288613e-03	5.824282e+00	-5.77497e+00	
660	4.298613e-03	5.722280e+00	-5.77398e+00	
661	4.308613e-03	5.597695e+00	-5.77497e+00	
662	4.318613e-03	5.451019e+00	-5.77398e+00	
663	4.328613e-03	5.282830e+00	-5.77496e+00	
664	4.338613e-03	5.093792e+00	-5.77398e+00	
665	4.348613e-03	4.884651e+00	-5.77496e+00	
666	4.358613e-03	4.656233e+00	-5.77397e+00	
667	4.368613e-03	4.409439e+00	-5.77496e+00	
668	4.378613e-03	4.145242e+00	-5.77397e+00	
669	4.388613e-03	3.864686e+00	-5.77495e+00	
670	4.398613e-03	3.568879e+00	-5.77396e+00	
671	4.408613e-03	3.258986e+00	-5.77495e+00	
672	4.418613e-03	2.936232e+00	-5.77396e+00	
673	4.428613e-03	2.601889e+00	-5.77494e+00	
674	4.438613e-03	2.257279e+00	-5.77396e+00	
675	4.448613e-03	1.903759e+00	-5.77494e+00	
676	4.458613e-03	1.542727e+00	-5.77395e+00	
677	4.468613e-03	1.175606e+00	-5.77493e+00	
678	4.478613e-03	8.038454e-01	-5.77394e+00	
679	4.488613e-03	4.289125e-01	-5.77493e+00	
680	4.498613e-03	5.228689e-02	-5.77394e+00	
681	4.508613e-03	-3.24545e-01	-5.77492e+00	
682	4.518613e-03	-7.00096e-01	-5.77393e+00	
683	4.528613e-03	-1.07288e+00	-5.77491e+00	
684	4.538613e-03	-1.44144e+00	-5.77393e+00	
685	4.548613e-03	-1.80430e+00	-5.77491e+00	
686	4.558613e-03	-2.16005e+00	-5.77392e+00	
687	4.568613e-03	-2.50727e+00	-5.77490e+00	
688	4.572455e-03	-2.63810e+00	-5.77392e+00	
689	4.574903e-03	-2.72067e+00	-5.77489e+00	
690	4.576325e-03	-2.76834e+00	-5.77390e+00	
691	4.577234e-03	-2.79871e+00	-5.77484e+00	
692	4.578060e-03	-2.82622e+00	-5.77381e+00	

Index   time            v(2)            v(7)            
--------------------------------------------------------------------------------
693	4.579137e-03	-2.86196e+00	-5.77457e+00	
694	4.579828e-03	-2.88485e+00	-5.77339e+00	
695	4.580366e-03	-2.90262e+00	-5.77406e+00	
696	4.580880e-03	-2.91956e+00	-5.77278e+00	
697	4.581555e-03	-2.94177e+00	-5.77294e+00	
698	4.582298e-03	-2.96613e+00	-5.77020e+00	
699	4.583400e-03	-3.00218e+00	-5.75065e+00	
700	4.584844e-03	-3.04918e+00	-5.71228e+00	
701	4.585786e-03	-3.07973e+00	-5.68797e+00	
702	4.586919e-03	-3.11631e+00	-5.65629e+00	
703	4.588678e-03	-3.17277e+00	-5.60869e+00	
704	4.592196e-03	-3.28454e+00	-5.50660e+00	
705	4.597469e-03	-3.44907e+00	-5.33416e+00	
706	4.600951e-03	-3.55564e+00	-5.15992e+00	
707	4.604604e-03	-3.66563e+00	-3.98620e+00	
708	4.606225e-03	-3.71383e+00	-3.20854e+00	
709	4.607747e-03	-3.75873e+00	-2.50700e+00	
710	4.609316e-03	-3.80465e+00	-1.75382e+00	
711	4.611960e-03	-3.88120e+00	-5.17740e-01	
712	4.615262e-03	-3.97526e+00	1.058907e+00	
713	4.620247e-03	-4.11407e+00	3.419218e+00	
714	4.622964e-03	-4.18803e+00	4.724354e+00	
715	4.625165e-03	-4.24703e+00	5.175808e+00	
716	4.627189e-03	-4.30060e+00	5.287203e+00	
717	4.629422e-03	-4.35886e+00	5.373853e+00	
718	4.631531e-03	-4.41311e+00	5.446175e+00	
719	4.634174e-03	-4.48001e+00	5.528110e+00	
720	4.638883e-03	-4.59612e+00	5.664478e+00	
721	4.642033e-03	-4.67156e+00	5.750293e+00	
722	4.644711e-03	-4.73426e+00	5.773325e+00	
723	4.647815e-03	-4.80523e+00	5.774021e+00	
724	4.651451e-03	-4.88605e+00	5.774514e+00	
725	4.654822e-03	-4.95872e+00	5.774311e+00	
726	4.661484e-03	-5.09573e+00	5.774571e+00	
727	4.670382e-03	-5.26477e+00	5.774321e+00	
728	4.680382e-03	-5.43508e+00	5.774567e+00	
729	4.690382e-03	-5.58395e+00	5.774322e+00	
730	4.700382e-03	-5.71078e+00	5.774566e+00	
731	4.710382e-03	-5.81507e+00	5.774323e+00	
732	4.720382e-03	-5.89641e+00	5.774565e+00	
733	4.730382e-03	-5.95448e+00	5.774324e+00	
734	4.740382e-03	-5.98905e+00	5.774564e+00	
735	4.750382e-03	-5.99998e+00	5.774325e+00	
736	4.760382e-03	-5.98724e+00	5.774563e+00	
737	4.770382e-03	-5.95086e+00	5.774326e+00	
738	4.780382e-03	-5.89101e+00	5.774562e+00	
739	4.790382e-03	-5.80790e+00	5.774327e+00	
740	4.800382e-03	-5.70187e+00	5.774561e+00	
741	4.810382e-03	-5.57334e+00	5.774328e+00	
742	4.820382e-03	-5.42281e+00	5.774561e+00	
743	4.830382e-03	-5.25088e+00	5.774328e+00	
744	4.840382e-03	-5.05823e+00	5.774560e+00	
745	4.850382e-03	-4.84562e+00	5.774329e+00	
746	4.860382e-03	-4.61388e+00	5.774559e+00	
747	4.870382e-03	-4.36393e+00	5.774330e+00	
748	4.880382e-03	-4.09676e+00	5.774558e+00	
749	4.890382e-03	-3.81343e+00	5.774331e+00	
750	4.900382e-03	-3.51504e+00	5.774558e+00	

Index   time            v(2)            v(7)            
--------------------------------------------------------------------------------
751	4.910382e-03	-3.20278e+00	5.774331e+00	
752	4.920382e-03	-2.87788e+00	5.774557e+00	
753	4.930382e-03	-2.54163e+00	5.774332e+00	
754	4.940382e-03	-2.19534e+00	5.774556e+00	
755	4.950382e-03	-1.84039e+00	5.774333e+00	
756	4.960382e-03	-1.47817e+00	5.774556e+00	
757	4.970382e-03	-1.11013e+00	5.774333e+00	
758	4.980382e-03	-7.37697e-01	5.774555e+00	
759	4.990382e-03	-3.62357e-01	5.774334e+00	
760	5.000000e-03	-7.34788e-15	5.774554e+00	