                                 scmitt trigger
                                 Transient Analysis  Sat Feb  5 00:36:20  2022
--------------------------------------------------------------------------------
Index   time            v(2)            v(7)            
--------------------------------------------------------------------------------
0	0.000000e+00	0.000000e+00	3.000792e+00	
1	1.000000e-07	3.769911e-03	2.999781e+00	
2	1.015397e-07	3.827956e-03	2.999765e+00	
3	1.046191e-07	3.944046e-03	2.999733e+00	
4	1.107778e-07	4.176226e-03	2.999666e+00	
5	1.230954e-07	4.640586e-03	2.999518e+00	
6	1.477304e-07	5.569305e-03	2.999162e+00	
7	1.970005e-07	7.426744e-03	2.998151e+00	
8	2.867022e-07	1.080841e-02	2.994977e+00	
9	4.179532e-07	1.575645e-02	2.986221e+00	
10	5.547231e-07	2.091253e-02	2.970324e+00	
11	7.145671e-07	2.693845e-02	2.940385e+00	
12	8.613025e-07	3.247018e-02	2.900333e+00	
13	1.011353e-06	3.812686e-02	2.847035e+00	
14	1.187148e-06	4.475401e-02	2.772892e+00	
15	1.400239e-06	5.278710e-02	2.674809e+00	
16	1.599162e-06	6.028596e-02	2.580863e+00	
17	1.829136e-06	6.895530e-02	2.471967e+00	
18	2.147816e-06	8.096828e-02	2.321004e+00	
19	2.785174e-06	1.049932e-01	2.019049e+00	
20	4.059891e-06	1.530377e-01	1.415068e+00	
21	6.609324e-06	2.490940e-01	2.067907e-01	
22	1.170819e-05	4.409904e-01	-2.21104e+00	
23	1.434266e-05	5.399740e-01	-3.46077e+00	
24	1.547132e-05	5.823368e-01	-3.99413e+00	
25	1.632237e-05	6.142607e-01	-4.39261e+00	
26	1.712624e-05	6.443988e-01	-4.77468e+00	
27	1.750070e-05	6.584319e-01	-4.93015e+00	
28	1.792756e-05	6.744247e-01	-5.03750e+00	
29	1.835612e-05	6.904763e-01	-5.09935e+00	
30	1.880690e-05	7.073546e-01	-5.14469e+00	
31	1.936772e-05	7.283451e-01	-5.18619e+00	
32	2.048936e-05	7.702987e-01	-5.25009e+00	
33	2.232132e-05	8.387379e-01	-5.32925e+00	
34	2.598523e-05	9.752737e-01	-5.45683e+00	
35	3.331307e-05	1.246723e+00	-5.67158e+00	
36	3.715960e-05	1.388191e+00	-5.77504e+00	
37	4.007382e-05	1.494835e+00	-5.78204e+00	
38	4.285229e-05	1.596045e+00	-5.78261e+00	
39	4.580543e-05	1.703083e+00	-5.78275e+00	
40	5.073106e-05	1.880294e+00	-5.78286e+00	
41	5.709043e-05	2.106399e+00	-5.78278e+00	
42	6.658919e-05	2.437751e+00	-5.78285e+00	
43	7.658919e-05	2.777188e+00	-5.78278e+00	
44	8.658919e-05	3.105663e+00	-5.78285e+00	
45	9.658919e-05	3.421883e+00	-5.78278e+00	
46	1.065892e-04	3.724597e+00	-5.78286e+00	
47	1.165892e-04	4.012613e+00	-5.78279e+00	
48	1.265892e-04	4.284792e+00	-5.78286e+00	
49	1.365892e-04	4.540061e+00	-5.78279e+00	
50	1.465892e-04	4.777413e+00	-5.78287e+00	
51	1.565892e-04	4.995911e+00	-5.78279e+00	
52	1.665892e-04	5.194691e+00	-5.78287e+00	
53	1.765892e-04	5.372971e+00	-5.78279e+00	
54	1.865892e-04	5.530046e+00	-5.78288e+00	

Index   time            v(2)            v(7)            
--------------------------------------------------------------------------------
55	1.965892e-04	5.665297e+00	-5.78280e+00	
56	2.065892e-04	5.778189e+00	-5.78288e+00	
57	2.165892e-04	5.868278e+00	-5.78280e+00	
58	2.265892e-04	5.935207e+00	-5.78288e+00	
59	2.365892e-04	5.978712e+00	-5.78280e+00	
60	2.465892e-04	5.998622e+00	-5.78288e+00	
61	2.565892e-04	5.994859e+00	-5.78280e+00	
62	2.665892e-04	5.967436e+00	-5.78288e+00	
63	2.765892e-04	5.916463e+00	-5.78279e+00	
64	2.865892e-04	5.842140e+00	-5.78288e+00	
65	2.965892e-04	5.744760e+00	-5.78279e+00	
66	3.065892e-04	5.624709e+00	-5.78288e+00	
67	3.165892e-04	5.482460e+00	-5.78279e+00	
68	3.265892e-04	5.318574e+00	-5.78288e+00	
69	3.365892e-04	5.133698e+00	-5.78279e+00	
70	3.465892e-04	4.928562e+00	-5.78288e+00	
71	3.565892e-04	4.703974e+00	-5.78278e+00	
72	3.665892e-04	4.460823e+00	-5.78288e+00	
73	3.765892e-04	4.200066e+00	-5.78278e+00	
74	3.865892e-04	3.922734e+00	-5.78287e+00	
75	3.965892e-04	3.629921e+00	-5.78277e+00	
76	4.065892e-04	3.322782e+00	-5.78287e+00	
77	4.165892e-04	3.002529e+00	-5.78277e+00	
78	4.265892e-04	2.670427e+00	-5.78287e+00	
79	4.365892e-04	2.327786e+00	-5.78276e+00	
80	4.465892e-04	1.975958e+00	-5.78286e+00	
81	4.565892e-04	1.616332e+00	-5.78276e+00	
82	4.665892e-04	1.250327e+00	-5.78286e+00	
83	4.765892e-04	8.793874e-01	-5.78275e+00	
84	4.865892e-04	5.049774e-01	-5.78285e+00	
85	4.965892e-04	1.285745e-01	-5.78274e+00	
86	5.065892e-04	-2.48336e-01	-5.78285e+00	
87	5.165892e-04	-6.24266e-01	-5.78274e+00	
88	5.265892e-04	-9.97733e-01	-5.78284e+00	
89	5.365892e-04	-1.36726e+00	-5.78273e+00	
90	5.465892e-04	-1.73139e+00	-5.78283e+00	
91	5.565892e-04	-2.08869e+00	-5.78272e+00	
92	5.665892e-04	-2.43775e+00	-5.78283e+00	
93	5.765892e-04	-2.77719e+00	-5.78272e+00	
94	5.865892e-04	-3.10566e+00	-5.78282e+00	
95	5.965892e-04	-3.42188e+00	-5.78271e+00	
96	6.065892e-04	-3.72460e+00	-5.78282e+00	
97	6.165892e-04	-4.01261e+00	-5.78271e+00	
98	6.265892e-04	-4.28479e+00	-5.78274e+00	
99	6.294426e-04	-4.35940e+00	-5.78233e+00	
100	6.314520e-04	-4.41110e+00	-5.78165e+00	
101	6.322937e-04	-4.43255e+00	-5.78075e+00	
102	6.333019e-04	-4.45808e+00	-5.77822e+00	
103	6.345507e-04	-4.48945e+00	-5.75407e+00	
104	6.363061e-04	-4.53308e+00	-5.70969e+00	
105	6.373747e-04	-4.55937e+00	-5.68121e+00	
106	6.387771e-04	-4.59356e+00	-5.64335e+00	
107	6.401449e-04	-4.62656e+00	-5.60566e+00	
108	6.425802e-04	-4.68447e+00	-5.53676e+00	
109	6.451102e-04	-4.74348e+00	-5.46127e+00	
110	6.493237e-04	-4.83907e+00	-5.31753e+00	
111	6.521278e-04	-4.90082e+00	-5.18169e+00	
112	6.553217e-04	-4.96929e+00	-4.33703e+00	

Index   time            v(2)            v(7)            
--------------------------------------------------------------------------------
113	6.565643e-04	-4.99539e+00	-3.75830e+00	
114	6.575130e-04	-5.01511e+00	-3.31524e+00	
115	6.584646e-04	-5.03472e+00	-2.87114e+00	
116	6.603678e-04	-5.07338e+00	-1.98060e+00	
117	6.641741e-04	-5.14853e+00	-1.95226e-01	
118	6.706896e-04	-5.27032e+00	2.878177e+00	
119	6.747851e-04	-5.34236e+00	4.812988e+00	
120	6.771892e-04	-5.38300e+00	5.202439e+00	
121	6.795730e-04	-5.42209e+00	5.316647e+00	
122	6.827846e-04	-5.47283e+00	5.432523e+00	
123	6.865062e-04	-5.52883e+00	5.546331e+00	
124	6.939493e-04	-5.63174e+00	5.754974e+00	
125	6.971080e-04	-5.67171e+00	5.765109e+00	
126	7.008426e-04	-5.71607e+00	5.766163e+00	
127	7.050108e-04	-5.76188e+00	5.765915e+00	
128	7.097305e-04	-5.80896e+00	5.766303e+00	
129	7.172953e-04	-5.87377e+00	5.765830e+00	
130	7.263446e-04	-5.93385e+00	5.766278e+00	
131	7.363446e-04	-5.97793e+00	5.765825e+00	
132	7.463446e-04	-5.99842e+00	5.766279e+00	
133	7.563446e-04	-5.99523e+00	5.765824e+00	
134	7.663446e-04	-5.96839e+00	5.766280e+00	
135	7.763446e-04	-5.91799e+00	5.765822e+00	
136	7.863446e-04	-5.84423e+00	5.766282e+00	
137	7.963446e-04	-5.74741e+00	5.765821e+00	
138	8.063446e-04	-5.62791e+00	5.766283e+00	
139	8.163446e-04	-5.48620e+00	5.765819e+00	
140	8.263446e-04	-5.32284e+00	5.766284e+00	
141	8.363446e-04	-5.13846e+00	5.765818e+00	
142	8.463446e-04	-4.93381e+00	5.766286e+00	
143	8.563446e-04	-4.70969e+00	5.765817e+00	
144	8.663446e-04	-4.46698e+00	5.766287e+00	
145	8.763446e-04	-4.20665e+00	5.765816e+00	
146	8.863446e-04	-3.92971e+00	5.766288e+00	
147	8.963446e-04	-3.63726e+00	5.765814e+00	
148	9.063446e-04	-3.33045e+00	5.766289e+00	
149	9.163446e-04	-3.01051e+00	5.765813e+00	
150	9.263446e-04	-2.67868e+00	5.766290e+00	
151	9.363446e-04	-2.33628e+00	5.765812e+00	
152	9.463446e-04	-1.98466e+00	5.766290e+00	
153	9.563446e-04	-1.62521e+00	5.765812e+00	
154	9.663446e-04	-1.25934e+00	5.766291e+00	
155	9.763446e-04	-8.88506e-01	5.765811e+00	
156	9.863446e-04	-5.14164e-01	5.766292e+00	
157	9.963446e-04	-1.37792e-01	5.765810e+00	
158	1.006345e-03	2.391238e-01	5.766293e+00	
159	1.016345e-03	6.150957e-01	5.765809e+00	
160	1.026345e-03	9.886401e-01	5.766293e+00	
161	1.030154e-03	1.130004e+00	5.765808e+00	
162	1.032586e-03	1.219884e+00	5.766291e+00	
163	1.033996e-03	1.271880e+00	5.765781e+00	
164	1.034883e-03	1.304550e+00	5.766233e+00	
165	1.035716e-03	1.335185e+00	5.765640e+00	
166	1.036681e-03	1.370624e+00	5.765895e+00	
167	1.037264e-03	1.392035e+00	5.765150e+00	
168	1.037796e-03	1.411515e+00	5.765309e+00	
169	1.038336e-03	1.431311e+00	5.764321e+00	
170	1.039108e-03	1.459545e+00	5.763454e+00	

Index   time            v(2)            v(7)            
--------------------------------------------------------------------------------
171	1.039905e-03	1.488654e+00	5.754618e+00	
172	1.040874e-03	1.524025e+00	5.730249e+00	
173	1.041771e-03	1.556701e+00	5.705470e+00	
174	1.042872e-03	1.596756e+00	5.675732e+00	
175	1.043928e-03	1.635086e+00	5.645802e+00	
176	1.046039e-03	1.711529e+00	5.586301e+00	
177	1.049342e-03	1.830477e+00	5.487355e+00	
178	1.055946e-03	2.065959e+00	5.243754e+00	
179	1.059688e-03	2.197800e+00	4.525114e+00	
180	1.063094e-03	2.316778e+00	2.904265e+00	
181	1.065613e-03	2.404091e+00	1.686116e+00	
182	1.068980e-03	2.519846e+00	8.044415e-02	
183	1.072834e-03	2.650942e+00	-1.77846e+00	
184	1.079401e-03	2.870724e+00	-4.90107e+00	
185	1.081924e-03	2.953857e+00	-5.22468e+00	
186	1.084439e-03	3.036022e+00	-5.33655e+00	
187	1.088139e-03	3.155498e+00	-5.46678e+00	
188	1.092407e-03	3.291219e+00	-5.59392e+00	
189	1.098545e-03	3.482175e+00	-5.76769e+00	
190	1.101304e-03	3.566378e+00	-5.78125e+00	
191	1.104629e-03	3.666368e+00	-5.78316e+00	
192	1.108079e-03	3.768467e+00	-5.78231e+00	
193	1.112714e-03	3.902828e+00	-5.78346e+00	
194	1.118926e-03	4.077686e+00	-5.78225e+00	
195	1.126956e-03	4.294459e+00	-5.78340e+00	
196	1.136956e-03	4.549089e+00	-5.78225e+00	
197	1.146956e-03	4.785765e+00	-5.78341e+00	
198	1.156956e-03	5.003554e+00	-5.78226e+00	
199	1.166956e-03	5.201596e+00	-5.78341e+00	
200	1.176956e-03	5.379111e+00	-5.78226e+00	
201	1.186956e-03	5.535396e+00	-5.78342e+00	
202	1.196956e-03	5.669835e+00	-5.78226e+00	
203	1.206956e-03	5.781899e+00	-5.78342e+00	
204	1.216956e-03	5.871143e+00	-5.78226e+00	
205	1.226956e-03	5.937217e+00	-5.78342e+00	
206	1.236956e-03	5.979860e+00	-5.78226e+00	
207	1.246956e-03	5.998903e+00	-5.78342e+00	
208	1.256956e-03	5.994270e+00	-5.78226e+00	
209	1.266956e-03	5.965982e+00	-5.78342e+00	
210	1.276956e-03	5.914148e+00	-5.78226e+00	
211	1.286956e-03	5.838974e+00	-5.78342e+00	
212	1.296956e-03	5.740756e+00	-5.78226e+00	
213	1.306956e-03	5.619881e+00	-5.78342e+00	
214	1.316956e-03	5.476828e+00	-5.78225e+00	
215	1.326956e-03	5.312160e+00	-5.78342e+00	
216	1.336956e-03	5.126528e+00	-5.78225e+00	
217	1.346956e-03	4.920663e+00	-5.78342e+00	
218	1.356956e-03	4.695379e+00	-5.78225e+00	
219	1.366956e-03	4.451565e+00	-5.78341e+00	
220	1.376956e-03	4.190182e+00	-5.78224e+00	
221	1.386956e-03	3.912262e+00	-5.78341e+00	
222	1.396956e-03	3.618902e+00	-5.78224e+00	
223	1.406956e-03	3.311261e+00	-5.78340e+00	
224	1.416956e-03	2.990551e+00	-5.78223e+00	
225	1.426956e-03	2.658039e+00	-5.78340e+00	
226	1.436956e-03	2.315036e+00	-5.78223e+00	
227	1.446956e-03	1.962898e+00	-5.78339e+00	
228	1.456956e-03	1.603013e+00	-5.78222e+00	

Index   time            v(2)            v(7)            
--------------------------------------------------------------------------------
229	1.466956e-03	1.236801e+00	-5.78339e+00	
230	1.476956e-03	8.657084e-01	-5.78222e+00	
231	1.486956e-03	4.911992e-01	-5.78338e+00	
232	1.496956e-03	1.147514e-01	-5.78221e+00	
233	1.506956e-03	-2.62149e-01	-5.78338e+00	
234	1.516956e-03	-6.38015e-01	-5.78221e+00	
235	1.526956e-03	-1.01136e+00	-5.78337e+00	
236	1.536956e-03	-1.38072e+00	-5.78220e+00	
237	1.546956e-03	-1.74463e+00	-5.78337e+00	
238	1.556956e-03	-2.10165e+00	-5.78219e+00	
239	1.566956e-03	-2.45038e+00	-5.78336e+00	
240	1.576956e-03	-2.78944e+00	-5.78219e+00	
241	1.586956e-03	-3.11748e+00	-5.78335e+00	
242	1.596956e-03	-3.43323e+00	-5.78218e+00	
243	1.606956e-03	-3.73543e+00	-5.78335e+00	
244	1.616956e-03	-4.02288e+00	-5.78218e+00	
245	1.625065e-03	-4.24438e+00	-5.78333e+00	
246	1.628046e-03	-4.32306e+00	-5.78204e+00	
247	1.629768e-03	-4.36782e+00	-5.78292e+00	
248	1.631318e-03	-4.40767e+00	-5.78111e+00	
249	1.632057e-03	-4.42653e+00	-5.78170e+00	
250	1.632884e-03	-4.44753e+00	-5.77923e+00	
251	1.634121e-03	-4.47867e+00	-5.76427e+00	
252	1.635549e-03	-4.51433e+00	-5.72839e+00	
253	1.636770e-03	-4.54452e+00	-5.69748e+00	
254	1.638115e-03	-4.57746e+00	-5.66026e+00	
255	1.639408e-03	-4.60882e+00	-5.62614e+00	
256	1.641995e-03	-4.67065e+00	-5.55251e+00	
257	1.646325e-03	-4.77139e+00	-5.42345e+00	
258	1.651322e-03	-4.88323e+00	-5.22748e+00	
259	1.656200e-03	-4.98776e+00	-3.92608e+00	
260	1.657746e-03	-5.01993e+00	-3.19064e+00	
261	1.659293e-03	-5.05164e+00	-2.48071e+00	
262	1.661018e-03	-5.08643e+00	-1.66101e+00	
263	1.663966e-03	-5.14451e+00	-2.89044e-01	
264	1.667940e-03	-5.21999e+00	1.593430e+00	
265	1.673626e-03	-5.32232e+00	4.273380e+00	
266	1.675315e-03	-5.35142e+00	5.002000e+00	
267	1.676777e-03	-5.37612e+00	5.175732e+00	
268	1.678261e-03	-5.40073e+00	5.261750e+00	
269	1.680416e-03	-5.43562e+00	5.349801e+00	
270	1.684607e-03	-5.50062e+00	5.490759e+00	
271	1.690444e-03	-5.58481e+00	5.659240e+00	
272	1.693969e-03	-5.63200e+00	5.756075e+00	
273	1.696616e-03	-5.66563e+00	5.764815e+00	
274	1.699588e-03	-5.70152e+00	5.766156e+00	
275	1.702445e-03	-5.73415e+00	5.765659e+00	
276	1.706408e-03	-5.77635e+00	5.766430e+00	
277	1.712083e-03	-5.83053e+00	5.765687e+00	
278	1.718778e-03	-5.88492e+00	5.766421e+00	
279	1.728778e-03	-5.94674e+00	5.765683e+00	
280	1.738778e-03	-5.98509e+00	5.766422e+00	
281	1.748778e-03	-5.99982e+00	5.765681e+00	
282	1.758778e-03	-5.99088e+00	5.766423e+00	
283	1.768778e-03	-5.95829e+00	5.765680e+00	
284	1.778778e-03	-5.90218e+00	5.766425e+00	
285	1.788778e-03	-5.82279e+00	5.765678e+00	
286	1.798778e-03	-5.72041e+00	5.766426e+00	

Index   time            v(2)            v(7)            
--------------------------------------------------------------------------------
287	1.808778e-03	-5.59546e+00	5.765677e+00	
288	1.818778e-03	-5.44842e+00	5.766427e+00	
289	1.828778e-03	-5.27988e+00	5.765676e+00	
290	1.838778e-03	-5.09051e+00	5.766428e+00	
291	1.848778e-03	-4.88104e+00	5.765675e+00	
292	1.858778e-03	-4.65232e+00	5.766429e+00	
293	1.868778e-03	-4.40523e+00	5.765674e+00	
294	1.878778e-03	-4.14075e+00	5.766430e+00	
295	1.888778e-03	-3.85994e+00	5.765673e+00	
296	1.898778e-03	-3.56389e+00	5.766431e+00	
297	1.908778e-03	-3.25377e+00	5.765672e+00	
298	1.918778e-03	-2.93082e+00	5.766431e+00	
299	1.928778e-03	-2.59629e+00	5.765671e+00	
300	1.938778e-03	-2.25153e+00	5.766432e+00	
301	1.948778e-03	-1.89787e+00	5.765670e+00	
302	1.958778e-03	-1.53673e+00	5.766433e+00	
303	1.968778e-03	-1.16952e+00	5.765670e+00	
304	1.978778e-03	-7.97694e-01	5.766433e+00	
305	1.988778e-03	-4.22721e-01	5.765669e+00	
306	1.998778e-03	-4.60798e-02	5.766434e+00	
307	2.008778e-03	3.307431e-01	5.765668e+00	
308	2.018778e-03	7.062608e-01	5.766435e+00	
309	2.028778e-03	1.078991e+00	5.765668e+00	
310	2.032580e-03	1.219688e+00	5.766429e+00	
311	2.035016e-03	1.309441e+00	5.765564e+00	
312	2.036166e-03	1.351734e+00	5.766160e+00	
313	2.037273e-03	1.392364e+00	5.764985e+00	
314	2.037778e-03	1.410861e+00	5.765444e+00	
315	2.038310e-03	1.430337e+00	5.764189e+00	
316	2.038950e-03	1.453754e+00	5.763938e+00	
317	2.039658e-03	1.479653e+00	5.759335e+00	
318	2.040702e-03	1.517741e+00	5.734830e+00	
319	2.041715e-03	1.554670e+00	5.706679e+00	
320	2.042724e-03	1.591384e+00	5.679826e+00	
321	2.043776e-03	1.629576e+00	5.649737e+00	
322	2.045879e-03	1.705745e+00	5.590918e+00	
323	2.049292e-03	1.828706e+00	5.488557e+00	
324	2.054701e-03	2.021803e+00	5.300266e+00	
325	2.058230e-03	2.146563e+00	5.055272e+00	
326	2.061877e-03	2.274391e+00	3.489013e+00	
327	2.063715e-03	2.338347e+00	2.589195e+00	
328	2.065541e-03	2.401576e+00	1.731326e+00	
329	2.067413e-03	2.466091e+00	8.166258e-01	
330	2.070870e-03	2.584325e+00	-8.26550e-01	
331	2.075180e-03	2.729978e+00	-2.91083e+00	
332	2.078228e-03	2.831796e+00	-4.35908e+00	
333	2.079265e-03	2.866199e+00	-4.84729e+00	
334	2.080280e-03	2.899755e+00	-5.09418e+00	
335	2.081274e-03	2.932519e+00	-5.18541e+00	
336	2.082569e-03	2.975022e+00	-5.25733e+00	
337	2.083813e-03	3.015634e+00	-5.31343e+00	
338	2.086299e-03	3.096305e+00	-5.40435e+00	
339	2.089409e-03	3.196129e+00	-5.50613e+00	
340	2.095629e-03	3.392079e+00	-5.68547e+00	
341	2.099130e-03	3.500114e+00	-5.77833e+00	
342	2.101836e-03	3.582484e+00	-5.78159e+00	
343	2.104387e-03	3.659149e+00	-5.78308e+00	
344	2.107087e-03	3.739287e+00	-5.78229e+00	

Index   time            v(2)            v(7)            
--------------------------------------------------------------------------------
345	2.112119e-03	3.885754e+00	-5.78334e+00	
346	2.118190e-03	4.057270e+00	-5.78234e+00	
347	2.127336e-03	4.304444e+00	-5.78332e+00	
348	2.137336e-03	4.558410e+00	-5.78234e+00	
349	2.147336e-03	4.794385e+00	-5.78332e+00	
350	2.157336e-03	5.011440e+00	-5.78234e+00	
351	2.167336e-03	5.208717e+00	-5.78333e+00	
352	2.177336e-03	5.385437e+00	-5.78234e+00	
353	2.187336e-03	5.540903e+00	-5.78333e+00	
354	2.197336e-03	5.674502e+00	-5.78234e+00	
355	2.207336e-03	5.785707e+00	-5.78333e+00	
356	2.217336e-03	5.874077e+00	-5.78234e+00	
357	2.227336e-03	5.939266e+00	-5.78333e+00	
358	2.237336e-03	5.981015e+00	-5.78234e+00	
359	2.247336e-03	5.999159e+00	-5.78334e+00	
360	2.257336e-03	5.993628e+00	-5.78234e+00	
361	2.267336e-03	5.964442e+00	-5.78334e+00	
362	2.277336e-03	5.911718e+00	-5.78234e+00	
363	2.287336e-03	5.835663e+00	-5.78334e+00	
364	2.297336e-03	5.736577e+00	-5.78234e+00	
365	2.307336e-03	5.614851e+00	-5.78333e+00	
366	2.317336e-03	5.470966e+00	-5.78234e+00	
367	2.327336e-03	5.305490e+00	-5.78333e+00	
368	2.337336e-03	5.119076e+00	-5.78234e+00	
369	2.347336e-03	4.912458e+00	-5.78333e+00	
370	2.357336e-03	4.686454e+00	-5.78233e+00	
371	2.367336e-03	4.441954e+00	-5.78333e+00	
372	2.377336e-03	4.179924e+00	-5.78233e+00	
373	2.387336e-03	3.901397e+00	-5.78332e+00	
374	2.397336e-03	3.607474e+00	-5.78233e+00	
375	2.407336e-03	3.299314e+00	-5.78332e+00	
376	2.417336e-03	2.978132e+00	-5.78232e+00	
377	2.427336e-03	2.645198e+00	-5.78331e+00	
378	2.437336e-03	2.301823e+00	-5.78232e+00	
379	2.447336e-03	1.949365e+00	-5.78331e+00	
380	2.457336e-03	1.589214e+00	-5.78231e+00	
381	2.467336e-03	1.222790e+00	-5.78330e+00	
382	2.477336e-03	8.515408e-01	-5.78230e+00	
383	2.487336e-03	4.769309e-01	-5.78329e+00	
384	2.497336e-03	1.004388e-01	-5.78230e+00	
385	2.507336e-03	-2.76450e-01	-5.78329e+00	
386	2.517336e-03	-6.52247e-01	-5.78229e+00	
387	2.527336e-03	-1.02547e+00	-5.78328e+00	
388	2.537336e-03	-1.39465e+00	-5.78229e+00	
389	2.547336e-03	-1.75832e+00	-5.78328e+00	
390	2.557336e-03	-2.11505e+00	-5.78228e+00	
391	2.567336e-03	-2.46344e+00	-5.78327e+00	
392	2.577336e-03	-2.80210e+00	-5.78228e+00	
393	2.587336e-03	-3.12971e+00	-5.78327e+00	
394	2.597336e-03	-3.44496e+00	-5.78227e+00	
395	2.607336e-03	-3.74662e+00	-5.78326e+00	
396	2.617336e-03	-4.03349e+00	-5.78227e+00	
397	2.624254e-03	-4.22272e+00	-5.78325e+00	
398	2.627577e-03	-4.31077e+00	-5.78217e+00	
399	2.629291e-03	-4.35546e+00	-5.78294e+00	
400	2.630931e-03	-4.39777e+00	-5.78142e+00	
401	2.631670e-03	-4.41666e+00	-5.78193e+00	
402	2.632400e-03	-4.43524e+00	-5.78020e+00	

Index   time            v(2)            v(7)            
--------------------------------------------------------------------------------
403	2.633415e-03	-4.46094e+00	-5.77787e+00	
404	2.634411e-03	-4.48594e+00	-5.75723e+00	
405	2.636182e-03	-4.53000e+00	-5.71372e+00	
406	2.637292e-03	-4.55734e+00	-5.68334e+00	
407	2.638664e-03	-4.59080e+00	-5.64720e+00	
408	2.639949e-03	-4.62185e+00	-5.61102e+00	
409	2.642161e-03	-4.67459e+00	-5.54961e+00	
410	2.644371e-03	-4.72637e+00	-5.48374e+00	
411	2.647929e-03	-4.80779e+00	-5.37058e+00	
412	2.652644e-03	-4.91203e+00	-5.14296e+00	
413	2.657134e-03	-5.00726e+00	-3.50360e+00	
414	2.658855e-03	-5.04271e+00	-2.68732e+00	
415	2.660534e-03	-5.07674e+00	-1.91338e+00	
416	2.662324e-03	-5.11238e+00	-1.06333e+00	
417	2.665904e-03	-5.18172e+00	6.087117e-01	
418	2.670930e-03	-5.27464e+00	2.991938e+00	
419	2.673884e-03	-5.32681e+00	4.377740e+00	
420	2.675122e-03	-5.34812e+00	4.935374e+00	
421	2.675835e-03	-5.36025e+00	5.084478e+00	
422	2.676632e-03	-5.37370e+00	5.164874e+00	
423	2.677417e-03	-5.38679e+00	5.214036e+00	
424	2.678243e-03	-5.40044e+00	5.259464e+00	
425	2.679896e-03	-5.42729e+00	5.328231e+00	
426	2.683200e-03	-5.47923e+00	5.445467e+00	
427	2.689157e-03	-5.56688e+00	5.622295e+00	
428	2.692960e-03	-5.61877e+00	5.728797e+00	
429	2.695732e-03	-5.65458e+00	5.763830e+00	
430	2.699384e-03	-5.69912e+00	5.766397e+00	
431	2.702126e-03	-5.73059e+00	5.765385e+00	
432	2.705454e-03	-5.76651e+00	5.766613e+00	
433	2.711209e-03	-5.82266e+00	5.765470e+00	
434	2.720120e-03	-5.89457e+00	5.766636e+00	
435	2.730120e-03	-5.95325e+00	5.765468e+00	
436	2.740120e-03	-5.98844e+00	5.766635e+00	
437	2.750120e-03	-6.00000e+00	5.765468e+00	
438	2.760120e-03	-5.98787e+00	5.766635e+00	
439	2.770120e-03	-5.95212e+00	5.765468e+00	
440	2.780120e-03	-5.89287e+00	5.766635e+00	
441	2.790120e-03	-5.81037e+00	5.765468e+00	
442	2.800120e-03	-5.70494e+00	5.766634e+00	
443	2.810120e-03	-5.57699e+00	5.765469e+00	
444	2.820120e-03	-5.42703e+00	5.766634e+00	
445	2.830120e-03	-5.25566e+00	5.765469e+00	
446	2.840120e-03	-5.06354e+00	5.766634e+00	
447	2.850120e-03	-4.85144e+00	5.765469e+00	
448	2.860120e-03	-4.62019e+00	5.766633e+00	
449	2.870120e-03	-4.37071e+00	5.765470e+00	
450	2.880120e-03	-4.10398e+00	5.766633e+00	
451	2.890120e-03	-3.82105e+00	5.765470e+00	
452	2.900120e-03	-3.52304e+00	5.766633e+00	
453	2.910120e-03	-3.21113e+00	5.765470e+00	
454	2.920120e-03	-2.88655e+00	5.766632e+00	
455	2.930120e-03	-2.55058e+00	5.765471e+00	
456	2.940120e-03	-2.20453e+00	5.766632e+00	
457	2.950120e-03	-1.84979e+00	5.765471e+00	
458	2.960120e-03	-1.48775e+00	5.766631e+00	
459	2.970120e-03	-1.11984e+00	5.765472e+00	
460	2.980120e-03	-7.47504e-01	5.766631e+00	

Index   time            v(2)            v(7)            
--------------------------------------------------------------------------------
461	2.990120e-03	-3.72221e-01	5.765472e+00	
462	3.000120e-03	4.531216e-03	5.766630e+00	
463	3.010120e-03	3.812653e-01	5.765473e+00	
464	3.020120e-03	7.564947e-01	5.766630e+00	
465	3.030120e-03	1.128739e+00	5.765473e+00	
466	3.033922e-03	1.269165e+00	5.766593e+00	
467	3.035520e-03	1.327991e+00	5.765322e+00	
468	3.036637e-03	1.369001e+00	5.766217e+00	
469	3.037353e-03	1.395280e+00	5.764770e+00	
470	3.037897e-03	1.415209e+00	5.765530e+00	
471	3.038463e-03	1.435958e+00	5.763842e+00	
472	3.039269e-03	1.465417e+00	5.763189e+00	
473	3.040100e-03	1.495775e+00	5.749163e+00	
474	3.040960e-03	1.527172e+00	5.727781e+00	
475	3.041946e-03	1.563072e+00	5.699973e+00	
476	3.043056e-03	1.603446e+00	5.670446e+00	
477	3.044123e-03	1.642157e+00	5.639602e+00	
478	3.046256e-03	1.719356e+00	5.579831e+00	
479	3.049087e-03	1.821332e+00	5.494392e+00	
480	3.054477e-03	2.013850e+00	5.309198e+00	
481	3.057564e-03	2.123110e+00	5.133676e+00	
482	3.061382e-03	2.257089e+00	3.720575e+00	
483	3.062751e-03	2.304827e+00	3.047294e+00	
484	3.064133e-03	2.352853e+00	2.400124e+00	
485	3.065714e-03	2.407555e+00	1.627571e+00	
486	3.068182e-03	2.492492e+00	4.572265e-01	
487	3.071450e-03	2.604035e+00	-1.12431e+00	
488	3.076304e-03	2.767652e+00	-3.44202e+00	
489	3.078407e-03	2.837753e+00	-4.46113e+00	
490	3.079528e-03	2.874902e+00	-4.94523e+00	
491	3.080233e-03	2.898210e+00	-5.09273e+00	
492	3.081032e-03	2.924557e+00	-5.16744e+00	
493	3.081729e-03	2.947483e+00	-5.21349e+00	
494	3.082449e-03	2.971080e+00	-5.25258e+00	
495	3.083530e-03	3.006410e+00	-5.30186e+00	
496	3.085129e-03	3.058428e+00	-5.36482e+00	
497	3.087824e-03	3.145394e+00	-5.45729e+00	
498	3.091886e-03	3.274772e+00	-5.58000e+00	
499	3.095959e-03	3.402328e+00	-5.69574e+00	
500	3.099351e-03	3.506903e+00	-5.77903e+00	
501	3.102193e-03	3.593265e+00	-5.78223e+00	
502	3.105092e-03	3.680196e+00	-5.78264e+00	
503	3.107751e-03	3.758843e+00	-5.78275e+00	
504	3.113069e-03	3.912970e+00	-5.78285e+00	
505	3.119175e-03	4.084554e+00	-5.78281e+00	
506	3.128337e-03	4.330644e+00	-5.78285e+00	
507	3.138337e-03	4.582854e+00	-5.78281e+00	
508	3.148337e-03	4.816976e+00	-5.78285e+00	
509	3.158337e-03	5.032089e+00	-5.78281e+00	
510	3.168337e-03	5.227342e+00	-5.78286e+00	
511	3.178337e-03	5.401965e+00	-5.78281e+00	
512	3.188337e-03	5.555269e+00	-5.78286e+00	
513	3.198337e-03	5.686649e+00	-5.78281e+00	
514	3.208337e-03	5.795586e+00	-5.78286e+00	
515	3.218337e-03	5.881651e+00	-5.78281e+00	
516	3.228337e-03	5.944503e+00	-5.78287e+00	
517	3.238337e-03	5.983896e+00	-5.78281e+00	
518	3.248337e-03	5.999672e+00	-5.78287e+00	

Index   time            v(2)            v(7)            
--------------------------------------------------------------------------------
519	3.258337e-03	5.991771e+00	-5.78281e+00	
520	3.268337e-03	5.960223e+00	-5.78287e+00	
521	3.278337e-03	5.905152e+00	-5.78281e+00	
522	3.288337e-03	5.826777e+00	-5.78287e+00	
523	3.298337e-03	5.725406e+00	-5.78281e+00	
524	3.308337e-03	5.601440e+00	-5.78287e+00	
525	3.318337e-03	5.455367e+00	-5.78280e+00	
526	3.328337e-03	5.287764e+00	-5.78287e+00	
527	3.338337e-03	5.099293e+00	-5.78280e+00	
528	3.348337e-03	4.890697e+00	-5.78287e+00	
529	3.358337e-03	4.662800e+00	-5.78279e+00	
530	3.368337e-03	4.416501e+00	-5.78286e+00	
531	3.378337e-03	4.152773e+00	-5.78279e+00	
532	3.388337e-03	3.872655e+00	-5.78286e+00	
533	3.398337e-03	3.577253e+00	-5.78278e+00	
534	3.408337e-03	3.267734e+00	-5.78286e+00	
535	3.418337e-03	2.945318e+00	-5.78278e+00	
536	3.428337e-03	2.611279e+00	-5.78285e+00	
537	3.438337e-03	2.266934e+00	-5.78277e+00	
538	3.448337e-03	1.913642e+00	-5.78285e+00	
539	3.458337e-03	1.552799e+00	-5.78277e+00	
540	3.468337e-03	1.185827e+00	-5.78284e+00	
541	3.478337e-03	8.141747e-01	-5.78276e+00	
542	3.488337e-03	4.393097e-01	-5.78284e+00	
543	3.498337e-03	6.271088e-02	-5.78275e+00	
544	3.508337e-03	-3.14135e-01	-5.78283e+00	
545	3.518337e-03	-6.89742e-01	-5.78275e+00	
546	3.528337e-03	-1.06263e+00	-5.78283e+00	
547	3.538337e-03	-1.43132e+00	-5.78274e+00	
548	3.548337e-03	-1.79436e+00	-5.78282e+00	
549	3.558337e-03	-2.15032e+00	-5.78273e+00	
550	3.568337e-03	-2.49779e+00	-5.78282e+00	
551	3.578337e-03	-2.83541e+00	-5.78273e+00	
552	3.588337e-03	-3.16184e+00	-5.78281e+00	
553	3.598337e-03	-3.47578e+00	-5.78272e+00	
554	3.608337e-03	-3.77602e+00	-5.78281e+00	
555	3.618337e-03	-4.06134e+00	-5.78272e+00	
556	3.623090e-03	-4.19142e+00	-5.78280e+00	
557	3.625983e-03	-4.26876e+00	-5.78269e+00	
558	3.627729e-03	-4.31475e+00	-5.78272e+00	
559	3.628899e-03	-4.34528e+00	-5.78249e+00	
560	3.630334e-03	-4.38242e+00	-5.78223e+00	
561	3.631121e-03	-4.40262e+00	-5.78178e+00	
562	3.631943e-03	-4.42364e+00	-5.78129e+00	
563	3.632770e-03	-4.44463e+00	-5.78003e+00	
564	3.633967e-03	-4.47483e+00	-5.76734e+00	
565	3.635439e-03	-4.51160e+00	-5.73205e+00	
566	3.636922e-03	-4.54826e+00	-5.69325e+00	
567	3.638309e-03	-4.58219e+00	-5.65588e+00	
568	3.639565e-03	-4.61261e+00	-5.62165e+00	
569	3.642076e-03	-4.67258e+00	-5.55108e+00	
570	3.645618e-03	-4.75518e+00	-5.44554e+00	
571	3.652436e-03	-4.90751e+00	-5.15913e+00	
572	3.656727e-03	-4.99880e+00	-3.68134e+00	
573	3.658758e-03	-5.04072e+00	-2.72926e+00	
574	3.660763e-03	-5.08132e+00	-1.79496e+00	
575	3.662636e-03	-5.11851e+00	-9.13143e-01	
576	3.666381e-03	-5.19076e+00	8.445733e-01	

Index   time            v(2)            v(7)            
--------------------------------------------------------------------------------
577	3.672905e-03	-5.30972e+00	3.932098e+00	
578	3.675500e-03	-5.35456e+00	5.035187e+00	
579	3.677939e-03	-5.39542e+00	5.245187e+00	
580	3.680433e-03	-5.43589e+00	5.349801e+00	
581	3.683033e-03	-5.47666e+00	5.440127e+00	
582	3.686935e-03	-5.53509e+00	5.559173e+00	
583	3.692892e-03	-5.61788e+00	5.726512e+00	
584	3.695921e-03	-5.65695e+00	5.764392e+00	
585	3.700150e-03	-5.70808e+00	5.766104e+00	
586	3.703182e-03	-5.74227e+00	5.765835e+00	
587	3.706867e-03	-5.78100e+00	5.766211e+00	
588	3.712824e-03	-5.83706e+00	5.765878e+00	
589	3.722824e-03	-5.91274e+00	5.766224e+00	
590	3.732824e-03	-5.96509e+00	5.765878e+00	
591	3.742824e-03	-5.99390e+00	5.766223e+00	
592	3.752824e-03	-5.99906e+00	5.765879e+00	
593	3.762824e-03	-5.98053e+00	5.766223e+00	
594	3.772824e-03	-5.93841e+00	5.765879e+00	
595	3.782824e-03	-5.87285e+00	5.766222e+00	
596	3.792824e-03	-5.78411e+00	5.765880e+00	
597	3.802824e-03	-5.67255e+00	5.766222e+00	
598	3.812824e-03	-5.53860e+00	5.765880e+00	
599	3.822824e-03	-5.38279e+00	5.766221e+00	
600	3.832824e-03	-5.20573e+00	5.765880e+00	
601	3.842824e-03	-5.00814e+00	5.766221e+00	
602	3.852824e-03	-4.79077e+00	5.765881e+00	
603	3.862824e-03	-4.55450e+00	5.766221e+00	
604	3.872824e-03	-4.30026e+00	5.765881e+00	
605	3.882824e-03	-4.02904e+00	5.766220e+00	
606	3.892824e-03	-3.74193e+00	5.765882e+00	
607	3.902824e-03	-3.44004e+00	5.766220e+00	
608	3.912824e-03	-3.12458e+00	5.765882e+00	
609	3.922824e-03	-2.79679e+00	5.766219e+00	
610	3.932824e-03	-2.45796e+00	5.765882e+00	
611	3.942824e-03	-2.10943e+00	5.766219e+00	
612	3.952824e-03	-1.75258e+00	5.765883e+00	
613	3.962824e-03	-1.38881e+00	5.766219e+00	
614	3.972824e-03	-1.01955e+00	5.765883e+00	
615	3.982824e-03	-6.46279e-01	5.766218e+00	
616	3.992824e-03	-2.70452e-01	5.765884e+00	
617	4.002824e-03	1.064418e-01	5.766218e+00	
618	4.012824e-03	4.829156e-01	5.765884e+00	
619	4.022824e-03	8.574835e-01	5.766217e+00	
620	4.032824e-03	1.228667e+00	5.765871e+00	
621	4.035647e-03	1.332665e+00	5.766008e+00	
622	4.037033e-03	1.383561e+00	5.765294e+00	
623	4.037858e-03	1.413787e+00	5.765125e+00	
624	4.038440e-03	1.435091e+00	5.764232e+00	
625	4.039082e-03	1.458610e+00	5.763331e+00	
626	4.040368e-03	1.505576e+00	5.741765e+00	
627	4.041373e-03	1.542207e+00	5.715340e+00	
628	4.042480e-03	1.582513e+00	5.684744e+00	
629	4.043501e-03	1.619591e+00	5.656726e+00	
630	4.045001e-03	1.673977e+00	5.614191e+00	
631	4.048001e-03	1.782297e+00	5.527007e+00	
632	4.051674e-03	1.914023e+00	5.410958e+00	
633	4.059020e-03	2.174347e+00	4.816376e+00	
634	4.062556e-03	2.298051e+00	3.134844e+00	

Index   time            v(2)            v(7)            
--------------------------------------------------------------------------------
635	4.065971e-03	2.416440e+00	1.492551e+00	
636	4.068571e-03	2.505826e+00	2.498276e-01	
637	4.071304e-03	2.599062e+00	-1.06594e+00	
638	4.076769e-03	2.783209e+00	-3.68606e+00	
639	4.078932e-03	2.855175e+00	-4.72270e+00	
640	4.080891e-03	2.919926e+00	-5.15929e+00	
641	4.082495e-03	2.972581e+00	-5.25595e+00	
642	4.084137e-03	3.026190e+00	-5.32765e+00	
643	4.087421e-03	3.132438e+00	-5.44410e+00	
644	4.092426e-03	3.291810e+00	-5.59674e+00	
645	4.098066e-03	3.467456e+00	-5.75551e+00	
646	4.100827e-03	3.551901e+00	-5.78162e+00	
647	4.104308e-03	3.656789e+00	-5.78246e+00	
648	4.108327e-03	3.775751e+00	-5.78292e+00	
649	4.112190e-03	3.887788e+00	-5.78271e+00	
650	4.118674e-03	4.070707e+00	-5.78294e+00	
651	4.128674e-03	4.339447e+00	-5.78271e+00	
652	4.138674e-03	4.591061e+00	-5.78294e+00	
653	4.148674e-03	4.824556e+00	-5.78272e+00	
654	4.158674e-03	5.039011e+00	-5.78294e+00	
655	4.168674e-03	5.233580e+00	-5.78272e+00	
656	4.178674e-03	5.407494e+00	-5.78295e+00	
657	4.188674e-03	5.560067e+00	-5.78273e+00	
658	4.198674e-03	5.690697e+00	-5.78295e+00	
659	4.208674e-03	5.798868e+00	-5.78273e+00	
660	4.218674e-03	5.884154e+00	-5.78295e+00	
661	4.228674e-03	5.946218e+00	-5.78273e+00	
662	4.238674e-03	5.984814e+00	-5.78295e+00	
663	4.248674e-03	5.999792e+00	-5.78273e+00	
664	4.258674e-03	5.991091e+00	-5.78295e+00	
665	4.268674e-03	5.958746e+00	-5.78273e+00	
666	4.278674e-03	5.902884e+00	-5.78295e+00	
667	4.288674e-03	5.823727e+00	-5.78273e+00	
668	4.298674e-03	5.721586e+00	-5.78294e+00	
669	4.308674e-03	5.596864e+00	-5.78273e+00	
670	4.318674e-03	5.450054e+00	-5.78294e+00	
671	4.328674e-03	5.281735e+00	-5.78273e+00	
672	4.338674e-03	5.092572e+00	-5.78294e+00	
673	4.348674e-03	4.883311e+00	-5.78273e+00	
674	4.358674e-03	4.654777e+00	-5.78293e+00	
675	4.368674e-03	4.407873e+00	-5.78273e+00	
676	4.378674e-03	4.143574e+00	-5.78293e+00	
677	4.388674e-03	3.862921e+00	-5.78272e+00	
678	4.398674e-03	3.567023e+00	-5.78292e+00	
679	4.408674e-03	3.257048e+00	-5.78272e+00	
680	4.418674e-03	2.934219e+00	-5.78292e+00	
681	4.428674e-03	2.599810e+00	-5.78271e+00	
682	4.438674e-03	2.255140e+00	-5.78291e+00	
683	4.448674e-03	1.901571e+00	-5.78271e+00	
684	4.458674e-03	1.540497e+00	-5.78291e+00	
685	4.468674e-03	1.173343e+00	-5.78270e+00	
686	4.478674e-03	8.015587e-01	-5.78290e+00	
687	4.488674e-03	4.266109e-01	-5.78270e+00	
688	4.498674e-03	4.997951e-02	-5.78289e+00	
689	4.508674e-03	-3.26849e-01	-5.78269e+00	
690	4.518674e-03	-7.02388e-01	-5.78289e+00	
691	4.528674e-03	-1.07515e+00	-5.78269e+00	
692	4.538674e-03	-1.44368e+00	-5.78288e+00	

Index   time            v(2)            v(7)            
--------------------------------------------------------------------------------
693	4.548674e-03	-1.80650e+00	-5.78268e+00	
694	4.558674e-03	-2.16220e+00	-5.78287e+00	
695	4.568674e-03	-2.50936e+00	-5.78268e+00	
696	4.578674e-03	-2.84662e+00	-5.78287e+00	
697	4.588674e-03	-3.17265e+00	-5.78267e+00	
698	4.598674e-03	-3.48615e+00	-5.78286e+00	
699	4.608674e-03	-3.78590e+00	-5.78267e+00	
700	4.618674e-03	-4.07071e+00	-5.78286e+00	
701	4.622945e-03	-4.18751e+00	-5.78267e+00	
702	4.625605e-03	-4.25873e+00	-5.78284e+00	
703	4.627194e-03	-4.30072e+00	-5.78261e+00	
704	4.628275e-03	-4.32905e+00	-5.78271e+00	
705	4.629797e-03	-4.36858e+00	-5.78226e+00	
706	4.630666e-03	-4.39096e+00	-5.78213e+00	
707	4.631406e-03	-4.40992e+00	-5.78157e+00	
708	4.632151e-03	-4.42891e+00	-5.78111e+00	
709	4.633129e-03	-4.45371e+00	-5.77900e+00	
710	4.634278e-03	-4.48261e+00	-5.76066e+00	
711	4.635792e-03	-4.52037e+00	-5.72302e+00	
712	4.636961e-03	-4.54922e+00	-5.69239e+00	
713	4.638283e-03	-4.58155e+00	-5.65665e+00	
714	4.639567e-03	-4.61265e+00	-5.62177e+00	
715	4.642135e-03	-4.67396e+00	-5.54948e+00	
716	4.644865e-03	-4.73780e+00	-5.46898e+00	
717	4.650086e-03	-4.85600e+00	-5.28646e+00	
718	4.653349e-03	-4.92724e+00	-5.06686e+00	
719	4.656671e-03	-4.99762e+00	-3.70983e+00	
720	4.658442e-03	-5.03425e+00	-2.88004e+00	
721	4.660167e-03	-5.06933e+00	-2.07623e+00	
722	4.661803e-03	-5.10205e+00	-1.30717e+00	
723	4.665074e-03	-5.16588e+00	2.270591e-01	
724	4.671618e-03	-5.28695e+00	3.318735e+00	
725	4.674647e-03	-5.33999e+00	4.748047e+00	
726	4.677151e-03	-5.38237e+00	5.200342e+00	
727	4.679472e-03	-5.42046e+00	5.312173e+00	
728	4.681608e-03	-5.45450e+00	5.392393e+00	
729	4.685881e-03	-5.51963e+00	5.527836e+00	
730	4.694425e-03	-5.63791e+00	5.761264e+00	
731	4.697861e-03	-5.68091e+00	5.765379e+00	
732	4.701903e-03	-5.72810e+00	5.766150e+00	
733	4.705896e-03	-5.77109e+00	5.765908e+00	
734	4.711052e-03	-5.82123e+00	5.766232e+00	
735	4.719405e-03	-5.88948e+00	5.765879e+00	
736	4.728730e-03	-5.94650e+00	5.766227e+00	
737	4.738730e-03	-5.98496e+00	5.765876e+00	
738	4.748730e-03	-5.99981e+00	5.766228e+00	
739	4.758730e-03	-5.99098e+00	5.765874e+00	
740	4.768730e-03	-5.95850e+00	5.766230e+00	
741	4.778730e-03	-5.90251e+00	5.765872e+00	
742	4.788730e-03	-5.82322e+00	5.766231e+00	
743	4.798730e-03	-5.72095e+00	5.765871e+00	
744	4.808730e-03	-5.59610e+00	5.766233e+00	
745	4.818730e-03	-5.44917e+00	5.765869e+00	
746	4.828730e-03	-5.28073e+00	5.766234e+00	
747	4.838730e-03	-5.09146e+00	5.765868e+00	
748	4.848730e-03	-4.88208e+00	5.766236e+00	
749	4.858730e-03	-4.65345e+00	5.765867e+00	
750	4.868730e-03	-4.40644e+00	5.766237e+00	

Index   time            v(2)            v(7)            
--------------------------------------------------------------------------------
751	4.878730e-03	-4.14205e+00	5.765865e+00	
752	4.888730e-03	-3.86131e+00	5.766238e+00	
753	4.898730e-03	-3.56533e+00	5.765864e+00	
754	4.908730e-03	-3.25528e+00	5.766239e+00	
755	4.918730e-03	-2.93238e+00	5.765863e+00	
756	4.928730e-03	-2.59791e+00	5.766240e+00	
757	4.938730e-03	-2.25318e+00	5.765862e+00	
758	4.948730e-03	-1.89957e+00	5.766241e+00	
759	4.958730e-03	-1.53846e+00	5.765861e+00	
760	4.968730e-03	-1.17127e+00	5.766242e+00	
761	4.978730e-03	-7.99467e-01	5.765860e+00	
762	4.988730e-03	-4.24506e-01	5.766243e+00	
763	4.998730e-03	-4.78689e-02	5.765859e+00	
764	5.000000e-03	-7.34788e-15	5.766246e+00	